Exceed,132,133,134,135,136,137,138
Letter,11,12.75,14.25,14.75,15.25,15.5,16
1,12.75,16.25,19.75,21.75,22.75,23.5,24.75
2,14,17.25,22,23.75,25.5,26.75,28
3,14.75,18.25,24,25.5,28.25,29.75,30.75
4,15.75,19.5,25.75,27.75,31,32.75,33.5
5,16.5,20.5,27.75,29.5,34,36,36.25
6,17.25,21.75,30.5,33,36.75,38.5,38.75
7,17.75,23,33.25,35.5,39.5,41,41.25
8,18.5,23.75,35.25,38,42,43.5,44
9,19.25,24.75,37.75,40.5,44.5,45.75,46.5
10,20,25.75,39.75,42.75,47,48,49
11,20.5,26.75,41.75,44.75,49.75,50.5,51.5
12,21.25,27.75,43.75,47.25,52.25,52.75,54
13,22,28.75,45.75,49.5,54.5,55,56.5
14,22.75,29.75,47.5,51.75,56.25,57.25,59.25
15,23.5,30.75,49,53.75,57.75,59.5,62
16,24,32.25,51,55.25,60,61.25,64.25
17,24.5,33,52.25,56.75,62,62.75,66
18,25.25,33.75,53.5,58.25,63.75,64.5,67.5
19,26,34.5,55,59.75,65.25,66.25,69.25
20,26.75,35.25,56.5,61.25,66.5,68,70.75
21,27.5,36.25,58.25,63,68,69.75,72.5
22,28.25,37,59.75,64.5,69.5,71.25,74
23,28.75,37.75,61.25,66,71,73,75.75
24,29.5,38.5,62.75,67.5,72.75,74.75,77.75
25,30.25,39.5,64.25,69.25,74.5,76.5,79.5
26,31,40.25,65.75,71,76.25,78.5,81.25
27,31.5,41,67.25,72.75,78,80.25,83
28,32.25,41.75,69,74.5,79.75,82,84.75
29,33,42.75,70.75,76.25,81.5,83.75,86.5
30,33.5,43.5,72.25,78,83.25,85.5,88.5
31,34.25,44.25,74,79.75,85,87.5,90.25
32,35,45.25,75.75,81.5,86.75,89.25,92
33,35.75,46.25,77.5,83.25,88.5,91,93.75
34,36.5,47.25,79.25,85,90.5,93,95.75
35,37.25,48,81,86.75,92.75,94.75,98
36,38,48.75,82.75,88.75,95,96.5,100.25
37,38.75,49.75,84.25,90.5,97.25,98.5,102.5
38,39.5,51,85.75,92.25,99.25,100.5,104.5
39,40.25,52,87.25,94,101.25,102.5,106.5
40,41,52.75,88.75,95.75,103.25,104.5,108.5
41,41.5,53.5,90.75,97.75,105.25,106.75,110.5
42,42.25,54.25,92.5,99.5,107.25,108.75,112.5
43,43,55.25,94.25,101.25,109.25,110.75,114.25
44,43.75,56.25,96,103,111.25,113,116.25
45,44.5,57.25,97.75,104.75,113,115,118.5
46,45.25,58.5,99.5,106.75,114.75,117,120.75
47,46.25,59.75,101,108.5,116.5,119,122.75
48,47,60.75,102.5,110.25,118.25,120.75,124.75
49,47.75,61.75,104.25,112,120,122.5,126.75
50,48.5,62.75,106,113.75,121.75,124.5,128.75
51,49.25,63.75,107.5,115.5,124,126.5,130.75
52,50,64.75,109,117,126,128.5,133
53,51,66,110.5,118.5,128,130.75,135
54,52,67.25,112,120,130,133,137.25
55,52.75,68.75,113.5,121.5,132,135.25,139.5
56,53.75,70.5,115,123.25,134,137.5,141.75
57,54.75,72,116.75,125,136,139.75,144
58,55.75,73.5,118.75,126.75,138,142.25,146.5
59,57,75,120.5,128.75,140,144.5,148.75
60,58,76.5,122.25,130.75,142.25,147,151.25
61,59,78,124,133.25,144.75,149.5,153.75
62,60,79.5,126,135.5,147,152,156.75
63,61.25,81.25,128,137.5,149.25,154.5,159.75
64,62.5,82.75,130,139.75,151.5,157,162.5
65,63.5,84.25,132.25,142,153.75,159.75,165.25
66,64.5,86,134.25,144.25,156.25,162.5,168.25
67,65.75,87.5,136.25,146.5,158.75,165,171.25
68,67,89,138.25,148.75,161.25,167.75,174.25
69,68.25,90.5,140.25,151,163.75,170.5,177.25
70,69.5,92.25,142.25,153.25,166.25,173.25,180.25
71,70.75,94,145.25,155.75,169,176.25,183.25
72,72,95.75,147.5,158.25,171.75,179,186.25
73,73,97.5,149.5,160.75,174.5,182,189
74,74.25,99.25,151.75,163.25,177.25,185,192
75,75.5,101,154,165.5,180,187.75,195.25
76,77,103,156.25,167.75,182.75,190.5,198.25
77,78.25,104.75,158.5,170,185.5,193.25,201
78,79.5,106.5,160.75,172.25,188.25,196.25,203.75
79,80.5,108.25,163.25,174.75,191,199,206.5
80,81.75,110.25,165.75,177.25,193.75,201.75,209.25
81,83,112,168.5,179.75,196.25,204.25,212.25
82,84.5,113.75,171,182.25,198.75,207,215
83,85.75,115.5,173.5,185,201.25,209.75,217.75
84,87,117.25,176,187.5,203.75,212.5,220.25
85,88.25,119,178.25,190,206.25,215,222.75
86,89.25,120.75,180.75,192.5,208.75,217.5,225.5
87,90.25,122.5,183,194.75,211.25,220,228
88,91.25,124.25,185.25,197,213.75,222.5,230.5
89,92.5,126,187.5,199.25,216.25,225,233.25
90,93.5,127.75,189.5,201.5,218.75,227.5,236
91,94.5,129.25,191.5,203.5,221,230,238.75
92,95.75,130.75,193.5,205.5,223.25,232.5,241.5
93,97,132.25,195.5,207.5,225.5,235,244.25
94,98.25,133.75,197.5,209.75,227.75,237.5,247
95,99.5,135.25,199.5,211.75,230,240.25,249.5
96,100.75,136.75,201.75,213.75,232.25,242.75,252.25
97,101.75,138.25,203.75,215.75,234.5,245,255
98,102.75,139.75,205.75,217.75,236.75,247.25,258
99,104,141.25,207.75,220,239,249.5,260.5
100,105,142.75,209.75,222,241.25,252,263.25
101,106,144.5,211.75,224,243.5,254.5,266
102,107.25,146,213.75,226,245.75,257,268.5
103,108.5,147.5,215.75,228.25,248.25,259.75,271
104,109.5,149,217.75,230.25,250.75,262.25,273.5
105,110.75,150.5,219.75,232.25,253.25,264.5,276
106,111.75,152.25,222,234.25,255.75,266.75,278.75
107,112.75,154,224,236.25,258.25,269,281.25
108,113.75,155.5,226,238.5,260.75,271.25,283.75
109,115,157,228,240.75,263,273.75,286.5
110,116.25,158.5,230,243,265.25,276.5,289
111,117.5,160.25,232,245.25,267.5,279.5,291.5
112,118.75,161.75,234.25,247.5,269.75,282.25,294.25
113,119.75,163.25,236.25,249.75,272,284.75,296.75
114,120.75,164.75,238.25,252,274.25,287.25,299.5
115,122,166.25,240.25,254.25,276.5,289.75,302
116,123.25,168,242.5,256.5,279,292,304.5
117,124.25,169.5,244.5,258.75,281.5,294.25,307
118,125.25,171,246.5,261,284,296.5,309.75
119,126.25,172.5,248.5,263.25,286.25,298.75,312.5
120,127.25,174,250.5,265.5,288.5,301.25,315
121,128.25,175.5,252.75,267.5,290.75,303.75,317.75
122,129.5,176.75,254.75,269.5,293.25,306.25,320.25
123,130.75,178.25,256.75,271.5,295.75,308.75,322.5
124,131.75,179.75,258.75,273.5,298.25,311.5,325.25
125,132.75,181.25,260.75,275.5,300.75,314,328.25
126,133.75,183,263,277.5,303,316.5,331.25
127,134.75,184.5,265,279.5,305.25,319,334
128,135.5,186,267,281.5,307.5,321.75,336.5
129,136.5,187.5,269,283.5,309.75,324.25,339.25
130,137.5,189,271,285.75,312,326.75,342
131,138.75,190.75,273.25,288.25,314.25,329.25,344.5
132,139.75,192.25,275.25,290.5,316.5,331.75,347
133,140.75,193.75,277.25,292.75,318.75,334.25,349.5
134,141.75,195.25,279.25,295,321,336.75,352
135,142.5,196.75,281.25,297.25,323.25,339.5,354.5
136,143.25,198.25,283.5,299.75,325.5,342.5,357
137,144,199.75,285.5,302,327.75,345.25,359.5
138,144.75,201,287.5,304.25,330,347.75,362.25
139,145.75,202,289.5,306.5,332.5,350.25,364.75
140,146.5,203,291.75,308.75,335,352.75,367.25
141,147.25,204,294,311.25,337.5,355.25,370
142,148,205,296,313.75,340,357.75,372.75
143,148.5,206,298,316,342.5,360.25,375.75
144,149,207,300,318.25,345,362.75,378.75
145,149.75,208,301.75,320.5,347.5,365.25,381.5
146,150.5,209,303.5,323,350,367.75,384
147,151,210,305.25,325.25,352.5,370.25,386.5
148,151.5,211,307,327.25,355,372.75,389
149,152,212,308.75,329.25,357.5,375.25,391.5
150,152.5,213,310.5,331.25,360,377.75,394
Multiplier,1.03,1.43,2.08,2.22,2.41,2.53,2.64
