Exceed,102,103,104,105,106,107,108,124,125,126
Letter,12.75,14.25,15,15.5,16,16.75,17.25,17.5,17.5,23.75
1,14.75,17.5,20.75,22.5,24.5,25.75,26.25,27.75,27.75,39.75
2,15.75,18.75,23.25,25.25,27.5,28.5,29,31,31,43
3,17.25,19.75,25.75,27.75,30.5,31.5,32.25,34,34,46
4,18.25,20.75,28.25,30.5,33.25,34.25,35,37,37,49
5,19.25,22,30.5,33,36,37,38,39.75,39.75,51.75
6,20,23,32.75,35.5,38.75,40,41,42.5,42.5,54.5
7,20.75,24.5,35,38.25,41.75,42.75,43.75,45,45,57.25
8,21.5,25.75,37.25,40.75,44.75,45.75,46.5,47.75,47.75,59.75
9,22.25,27,39.75,43.25,47.75,48.75,49.5,50.25,50.25,62.5
10,23,28.25,42,45.75,50.25,51.5,52.5,52.75,52.75,65
11,23.75,29.5,44.25,48,52.75,54.5,55.25,55.5,55.5,67.5
12,24.5,30.5,46.5,50.5,55.25,57.25,58,58.25,58.25,70.25
13,25.25,31.5,48.75,52.75,57.5,59.75,60.5,61,61,72.75
14,26,32.75,50.75,55,59.75,62.25,63,63.5,63.5,75
15,26.75,34,52.75,57.25,62,64.25,65.5,65.75,65.75,77.25
16,27.75,35,54.25,59,63.75,65.75,67.5,67.75,67.75,79.5
17,28.5,36,55.75,60.75,65.5,67.25,69.5,69.75,69.75,81.5
18,29.25,36.75,57.25,62.25,67,68.75,71.5,71.75,71.75,83.5
19,30,37.5,58.75,63.75,68.5,70.5,73.5,73.75,73.75,85.5
20,30.75,38.25,60.25,65.5,70.25,72.25,75.25,75.5,75.5,87.5
21,31.5,39,61.75,67.25,72,74,77,77.25,77.25,89.25
22,32.25,39.75,63.5,68.75,73.75,75.75,78.75,79,79,91
23,33,40.75,65.25,70.5,75.5,77.5,80.5,80.75,80.75,92.75
24,33.75,41.75,67,72.25,77.25,79.25,82.25,82.5,82.5,94.5
25,34.5,42.75,68.5,74,79,81,84,84.25,84.25,96.25
26,35.5,43.75,70.25,75.75,80.75,82.75,85.75,86,86,98
27,36.25,44.5,72,77.5,82.5,84.5,87.5,87.75,87.75,99.75
28,37,45.25,73.75,79.25,84.25,86.25,89.25,89.5,89.5,101.75
29,37.75,46,75.5,81.25,86.25,88,91,91.5,91.5,103.75
30,38.75,46.75,77.25,83.25,88.25,89.75,93,93.5,93.5,105.75
31,39.75,47.75,79,85.25,90.25,91.75,95,95.5,95.5,107.75
32,40.5,48.75,80.75,87.25,92.25,93.75,97,97.5,97.5,109.75
33,41.5,50,82.5,89.25,94.25,95.75,99,99.5,99.5,111.75
34,42.5,51.25,84.25,91.25,96.25,98,101.25,101.5,101.5,113.75
35,43.25,52.25,86,93.25,98.25,100.25,103.5,103.75,103.75,116
36,44,53.25,87.75,95.25,100.25,102.5,105.75,106,106,118.25
37,44.75,54,89.5,97.25,102.25,104.75,108,108.25,108.25,120.5
38,45.5,54.75,91.25,99.25,104.25,107,110.25,110.5,110.5,122.75
39,46.25,55.75,93,101.25,106.25,109.25,112.5,112.75,112.75,125
40,47,56.75,94.75,103.25,108.25,111.25,114.75,115,115,127.25
41,47.75,57.75,96.5,105.25,110.5,113.25,117,117.25,117.25,129.5
42,48.5,58.75,98.25,107,112.75,115.25,119.25,119.5,119.5,131.75
43,49.25,59.75,100.25,108.75,114.75,117.25,121.5,121.75,121.75,134
44,50.25,60.75,102.25,110.5,116.75,119.25,123.75,124,124,136.25
45,51.25,61.75,104,112.25,118.75,121.25,126,126.25,126.25,138.25
46,52.25,63,105.75,114,120.75,123.25,128,128.5,128.5,140.25
47,53.25,64.25,107.5,115.75,123,125.25,130,130.5,130.5,142.25
48,54,65.5,109.25,117.5,125.25,127.5,132,132.5,132.5,144.25
49,54.75,66.75,111,119.25,127.5,129.75,134,134.5,134.5,146.25
50,55.75,68,112.75,121,129.5,132,136.25,136.75,136.75,148.5
51,56.75,69.5,114.5,122.75,131.5,134.25,138.5,139,139,151
52,57.75,71,116.25,124.5,133.5,136.5,141,141.25,141.25,153.5
53,58.75,72.5,118,126.25,135.5,138.75,143.5,143.75,143.75,156
54,59.75,74,119.75,128,137.75,141,146,146.25,146.25,158.5
55,60.75,75.5,121.5,129.75,140,143.5,148.5,148.75,148.75,161
56,61.75,77,123.25,131.5,142.25,146,151,151.25,151.25,163.5
57,63,78.5,125.25,133.5,144.5,148.5,153.5,153.75,153.75,166
58,64.25,80,127.25,135.5,146.75,151,156.25,156.5,156.5,168.75
59,65.25,81.5,129.25,137.5,149,153.5,159,159.25,159.25,171.5
60,66.5,83,131.25,139.75,151.25,156,161.75,162,162,174.25
61,67.75,84.5,133.25,142,153.75,158.5,164.5,164.75,164.75,177
62,69.25,86.25,135.25,144.5,156.25,161.25,167.25,167.75,167.75,179.75
63,70.5,88,137.25,147,158.75,164,170.25,170.75,170.75,182.75
64,71.75,89.75,139.25,149.5,161.5,166.75,173.25,173.75,173.75,185.75
65,73,91.5,141.25,152,164.25,169.5,176.25,176.75,176.75,188.75
66,74.25,93.25,143.5,154.5,166.75,172.5,179.25,179.75,179.75,191.75
67,75.5,95,145.75,157,169.25,175.5,182.25,182.75,182.75,194.75
68,77,96.75,148,159.5,171.75,178.5,185.25,185.75,185.75,197.75
69,78.5,98.5,150.25,162,174.25,181.5,188.25,188.75,188.75,200.75
70,80,100.25,152.5,164.5,176.75,184.5,191.25,191.75,191.75,203.75
71,81.25,102,154.75,167,179.5,187.5,194.25,195,195,206.75
72,82.5,103.5,157,169.5,182.25,190.5,197.25,198,198,209.75
73,84,105,159.25,172,185,193.5,200.25,201,201,212.75
74,85.5,106.75,161.75,174.5,187.75,196.5,203.5,204,204,215.75
75,86.75,108.75,164.25,177,190.5,199.5,206.75,207,207,218.75
76,88.25,110.75,166.75,179.5,193.25,202.25,209.75,210,210,221.75
77,89.75,112.75,169.25,182,196,205,212.75,213,213,224.75
78,91.25,114.75,171.75,184.5,198.75,207.75,215.75,216,216,227.75
79,92.75,116.75,174.25,187,201.5,210.5,218.75,219,219,230.75
80,94.25,118.75,176.75,189.5,204.25,213.25,221.75,222,222,233.75
81,95.75,120.75,179.25,192,207,216,224.75,225,225,236.75
82,97.25,122.75,181.75,194.5,209.75,218.75,227.75,228,228,239.75
83,98.75,124.75,184.25,197,212.5,221.5,230.5,231,231,242.75
84,100.25,126.75,186.75,199.5,215.25,224.25,233.25,234,234,245.75
85,101.5,128.75,189.25,202,218,227,236,236.75,236.75,248.75
86,102.75,130.75,191.75,204.5,220.5,229.75,238.75,239.5,239.5,251.75
87,104,132.75,194.25,207,223,232.5,241.5,242.25,242.25,254.75
88,105.25,134.75,196.75,209.5,225.75,235.25,244.25,245,245,257.75
89,106.5,136.75,199.25,212,228.5,238,247,247.75,247.75,260.5
90,107.75,138.75,201.75,214.5,231.25,241,249.75,250.5,250.5,263.25
91,109.25,140.5,204,217,234,244,252.75,253.5,253.5,266
92,110.75,142.25,206.25,219.5,236.75,246.75,255.75,256.5,256.5,268.75
93,112,144,208.5,221.75,239.5,249.5,258.75,259.5,259.5,271.5
94,113.25,145.75,210.75,224,242,252.25,261.75,262.5,262.5,274.25
95,114.75,147.5,213,226.25,244.5,255,264.75,265.25,265.25,277
96,116,149.25,215.25,228.5,247,257.75,267.75,268,268,279.75
97,117.25,151,217.5,230.75,249.5,260.5,270.5,270.75,270.75,282.5
98,118.5,152.75,219.5,233,252,263,273.25,273.5,273.5,285.25
99,119.75,154.5,221.5,235.25,254.5,265.5,276,276.25,276.25,288
100,121,156,223.5,237.5,257,268,278.75,279,279,290.75
101,122.25,157.5,225.5,239.75,259.5,270.5,281.5,281.75,281.75,293.5
102,123.5,159,227.5,242,262,273,284.25,284.5,284.5,296.25
103,124.75,160.5,229.5,244.25,264.5,275.5,287,287.25,287.25,299
104,126,162.25,231.5,246.5,267,278,289.75,290,290,301.75
105,127.25,164,233.75,248.75,269.5,280.5,292.5,292.75,292.75,304.5
106,128.75,165.75,236,251,272,283,295.25,295.5,295.5,307.25
107,130.25,167.25,238.25,253.5,274.5,285.5,298,298.25,298.25,310
108,131.5,168.75,240.5,256,277,288.25,300.75,301,301,312.75
109,132.75,170.5,242.75,258.25,279.5,291,303.5,303.75,303.75,315.5
110,134,172.25,245,260.5,282,293.75,306.25,306.5,306.5,318.25
111,135.25,174,247.25,263,284.75,296.5,309,309.25,309.25,321
112,136.5,175.75,249.5,265.5,287.5,299.25,311.75,312,312,323.75
113,137.75,177.5,251.75,268,290.25,302,314.5,314.75,314.75,326.5
114,139,179,254,270.5,293,304.75,317.25,317.5,317.5,329.25
115,140.25,180.5,256,273,295.75,307.5,320,320.25,320.25,332
116,141.5,182,258.25,275.25,298.25,310,322.75,323,323,334.75
117,142.75,183.5,260.5,277.5,300.75,312.5,325.5,325.75,325.75,337.5
118,144.25,185.25,262.75,279.75,303.25,315,328.25,328.5,328.5,340.25
119,145.75,187,265,282,305.75,317.5,331,331.25,331.25,343
120,147,188.75,267.25,284.25,308.25,320,333.75,334,334,345.75
121,148,190.25,269.5,286.5,310.75,322.75,336.5,336.75,336.75,348.5
122,149,191.75,271.75,288.75,313.5,325.5,339.25,339.5,339.5,351.25
123,150.25,193.25,274,291,316.25,328.25,342,342.25,342.25,354
124,151.5,194.75,276.25,293.25,318.75,331,344.75,345,345,356.75
125,152.75,196.5,278.25,295.5,321.25,333.75,347.5,347.75,347.75,359.5
126,154,198.25,280.5,297.75,323.75,336.5,350.25,350.5,350.5,362.25
127,155,200,282.75,300.25,326.25,339.25,353,353.25,353.25,365
128,156,201.75,285,302.75,328.75,342,355.75,356,356,367.75
129,157.25,203.25,287.25,305.25,331.25,344.75,358.5,358.75,358.75,370.5
130,158.5,204.75,289.5,307.75,333.75,347.5,361.25,361.5,361.5,373.25
131,159.75,206.5,291.75,310.25,336.25,350.25,364,364.25,364.25,376
132,161,208.25,294,312.75,338.75,353,366.75,367,367,378.75
133,162.25,210,296.25,315.25,341.25,355.75,369.5,369.75,369.75,381.5
134,163.25,211.75,298.5,317.75,343.75,358.5,372.25,372.5,372.5,384.25
135,164.25,213.25,300.75,320,346.25,361.25,375,375.25,375.25,387
136,165.25,214.75,303,322.25,348.75,364,377.75,378,378,389.75
137,166.25,216,305.25,324.5,351.25,366.75,380.5,380.75,380.75,392.5
138,167,217.25,307.5,326.75,354,369.5,383.25,383.5,383.5,395.25
139,167.75,218.5,309.5,329,356.75,372.25,386,386.25,386.25,398
140,168.5,219.75,311.5,331.25,359.5,375,388.75,389,389,400.75
141,169.25,221,313.5,333.5,362.25,377.75,391.5,391.75,391.75,403.5
142,170,222.25,315.5,335.75,365,380.5,394.25,394.5,394.5,406.25
143,170.75,223.5,317.25,338,367.75,383.25,397,397.25,397.25,409
144,171.5,224.5,319,340.25,370.5,386,399.75,400,400,411.75
145,172.25,225.5,320.75,342.5,373.25,388.75,402.5,402.75,402.75,414.5
146,173,226.5,322.5,344.75,375.75,391.5,405.25,405.5,405.5,417.25
147,173.75,227.5,324.25,347,378.25,394.25,408,408.25,408.25,420
148,174.5,228.5,326,349.25,380.75,397,410.75,411,411,422.75
149,175.25,229.5,327.75,351.5,383.25,399.75,413.5,413.75,413.75,425.5
150,176,230.5,329.5,353.75,385.75,402.5,416.25,416.5,416.5,428.25
