Exceed,242,243,244,245,246,247,248
Letter,7.7,7.9,8.2,8.8,9.2,9.6,10.1
1,8,8.3,8.7,9.9,10.7,11.4,11.8
2,8.3,8.8,9.9,11.1,12.4,13.3,13.6
3,9,9.4,11,12.4,14.2,15.1,15.5
4,9.6,10.1,12.1,14.1,15.9,17,17.4
5,10.4,11.1,13.3,15.7,17.6,19,19.6
6,10.6,12.1,14.4,17.1,19.7,21,21.9
7,11.4,13,15.6,18.7,21.8,23.1,24.4
8,12.2,14,16.8,20.3,23.9,25.4,26.8
9,12.7,15,18,21.9,26.1,27.8,29.1
10,13.2,15.9,19.2,23.5,28.3,30.1,31.3
11,14,16.8,20.4,25,30.4,32.2,33.5
12,14.8,17.7,21.5,26.5,32.4,34.1,35.4
13,15.5,18.5,22.6,27.9,34.2,35.9,37.3
14,16.3,19.2,23.7,29.3,36,37.7,39.2
15,17.1,20,24.8,30.7,37.9,39.6,41.1
16,17.8,20.7,25.7,31.8,39.7,41.5,42.9
17,18.4,21.3,26.6,32.9,41.6,43.5,44.8
18,18.9,21.8,27.5,34,43.5,45.5,46.8
19,19.5,22.4,28.5,35.2,45.4,47.6,48.9
20,20.1,23.1,29.5,36.5,47.3,49.6,51.1
21,20.6,24,30.6,37.9,49.2,51.6,53.3
22,21.2,24.9,31.6,39.2,51,53.6,55.5
23,21.8,25.7,32.6,40.5,52.8,55.6,57.6
24,22.4,26.5,33.7,41.8,54.5,57.6,59.6
25,23,27.3,34.8,43.1,56.1,59.6,61.6
26,23.6,28.1,35.8,44.5,57.7,61.5,63.5
27,24.3,28.9,36.7,45.9,59.3,63.3,65.4
28,25,29.7,37.7,47.2,60.9,65.1,67.3
29,25.7,30.5,38.8,48.5,62.6,66.9,69.2
30,26.4,31.3,39.9,49.8,64.4,68.7,71.1
31,27.1,32,41,51.1,66.2,70.6,73.1
32,27.7,32.7,42.1,52.4,68,72.6,75.1
33,28.3,33.5,43.1,53.7,69.8,74.6,77.1
34,28.9,34.2,44.1,54.9,71.5,76.6,79.1
35,29.5,35,45.1,56.1,73.2,78.6,81.1
36,30.1,35.9,46,57.3,75,80.6,83.1
37,30.7,36.8,47,58.5,76.8,82.6,85.1
38,31.4,37.6,48,59.7,78.6,84.6,87.1
39,32.3,38.4,49,60.9,80.4,86.6,89.1
40,33.2,39.2,50,62.2,82.2,88.6,91.1
41,34,40.1,51,63.5,84,90.5,93.1
42,34.7,40.9,52,64.8,85.7,92.4,95
43,35.3,41.7,52.9,66,87.4,94.3,96.9
44,35.9,42.4,53.8,67.1,89.1,96.2,98.8
45,36.5,43.1,54.7,68.2,90.8,98.1,100.7
46,37.2,43.9,55.6,69.3,92.5,100,102.6
47,37.9,44.7,56.6,70.4,94.2,101.9,104.5
48,38.6,45.5,57.6,71.5,95.9,103.8,106.4
49,39.3,46.4,58.6,72.6,97.6,105.7,108.2
50,40,47.3,59.6,73.8,99.3,107.5,110
51,40.7,48.2,60.5,75.1,101,109.3,111.8
52,41.4,49.1,61.4,76.4,102.7,111.1,113.6
53,42.1,50,62.3,77.7,104.4,112.9,115.4
54,42.8,50.8,63.2,79,106.1,114.7,117.2
55,43.4,51.6,64.1,80.3,107.8,116.5,119.1
56,44,52.4,65.1,81.6,109.5,118.3,121
57,44.6,53.1,66.1,82.9,111.2,120.2,122.9
58,45.2,53.8,67.2,84.2,112.9,122.2,124.8
59,45.8,54.5,68.3,85.5,114.6,124.2,126.8
60,46.5,55.2,69.4,86.8,116.3,126.2,128.8
61,47.3,56,70.4,88.1,118,128.2,130.9
62,48.1,56.8,71.4,89.4,119.7,130.2,133
63,48.9,57.6,72.4,90.7,121.4,132.2,135.2
64,49.7,58.4,73.4,92.1,123.1,134.2,137.4
65,50.5,59.2,74.4,93.5,124.9,136.2,139.6
66,51.1,60,75.4,95,126.8,138.2,141.8
67,51.7,60.8,76.4,96.5,128.7,140.2,144
68,52.3,61.6,77.5,98,130.6,142.2,146.2
69,52.9,62.4,78.6,99.5,132.5,144.2,148.3
70,53.5,63.3,79.7,101,134.4,146.2,150.4
71,54.2,64.2,80.8,102.5,136.3,148.2,152.4
72,54.9,65.1,81.9,104,138.2,150.2,154.4
73,55.6,66,83,105.5,140.1,152.2,156.4
74,56.3,66.9,84.1,106.9,142,154.1,158.4
75,57,67.8,85.2,108.3,143.9,156,160.4
76,57.7,68.6,86.2,109.7,145.7,157.9,162.4
77,58.4,69.4,87.2,111.1,147.5,159.8,164.4
78,59.1,70.2,88.2,112.5,149.3,161.7,166.4
79,59.8,71.1,89.3,113.9,151.1,163.6,168.4
80,60.5,72,90.4,115.3,152.9,165.5,170.4
81,61.2,72.9,91.5,116.7,154.7,167.4,172.4
82,61.9,73.7,92.6,118.1,156.5,169.3,174.4
83,62.6,74.5,93.7,119.5,158.2,171.2,176.4
84,63.3,75.3,94.8,120.9,159.9,173.1,178.4
85,64,76.1,95.9,122.3,161.6,175,180.4
86,64.7,76.9,97,123.7,163.3,176.9,182.4
87,65.4,77.7,98.1,125.1,165,178.8,184.4
88,66.1,78.5,99.2,126.5,166.7,180.7,186.4
89,66.9,79.3,100.3,127.9,168.4,182.6,188.4
90,67.7,80.2,101.4,129.3,170.1,184.6,190.4
91,68.5,81.1,102.4,130.7,171.8,186.6,192.4
92,69.3,82,103.4,132,173.6,188.6,194.4
93,70,82.8,104.4,133.3,175.4,190.6,196.4
94,70.7,83.6,105.4,134.6,177.2,192.6,198.4
95,71.3,84.4,106.4,135.9,179,194.6,200.4
96,71.9,85.2,107.4,137.2,180.8,196.5,202.3
97,72.5,86,108.4,138.5,182.6,198.4,204.2
98,73.1,86.8,109.4,139.8,184.4,200.2,206.1
99,73.7,87.6,110.4,141.1,186.1,202,208
100,74.4,88.4,111.4,142.5,187.8,203.8,209.9
101,75.1,89.2,112.4,143.9,189.5,205.6,211.8
102,75.8,90,113.4,145.3,191.2,207.4,213.7
103,76.5,90.8,114.4,146.7,193,209.3,215.6
104,77.2,91.6,115.4,148.1,194.8,211.2,217.6
105,77.9,92.4,116.4,149.5,196.7,213.1,219.6
106,78.6,93.2,117.5,150.9,198.6,215,221.6
107,79.3,94,118.6,152.3,200.5,217,223.6
108,80,94.8,119.7,153.7,202.4,219,225.6
109,80.7,95.6,120.8,155.1,204.3,221,227.7
110,81.4,96.5,121.9,156.5,206.2,223,229.8
111,82.1,97.4,123,157.9,208.1,225,231.9
112,82.8,98.3,124.1,159.3,210,227,234
113,83.5,99.2,125.2,160.7,211.9,229,236.1
114,84.2,100.1,126.3,162.1,213.8,231,238.2
115,85,101,127.4,163.5,215.7,233,240.3
116,85.8,101.9,128.5,164.9,217.5,235,242.4
117,86.6,102.8,129.6,166.3,219.3,237,244.5
118,87.4,103.7,130.7,167.7,221.1,239,246.6
119,88.1,104.6,131.8,169.1,222.9,241,248.7
120,88.8,105.5,132.9,170.5,224.7,243,250.8
121,89.5,106.4,134,171.9,226.5,245.1,252.9
122,90.2,107.3,135.1,173.3,228.3,247.2,255
123,90.9,108.2,136.2,174.7,230.1,249.3,257.1
124,91.6,109,137.3,176.1,231.9,251.4,259.2
125,92.4,109.8,138.4,177.5,233.7,253.5,261.3
126,93.2,110.6,139.5,178.9,235.5,255.6,263.4
127,94,111.4,140.6,180.3,237.3,257.7,265.5
128,94.8,112.2,141.7,181.7,239.1,259.8,267.6
129,95.6,113,142.8,183.1,240.9,261.9,269.7
130,96.4,113.9,143.9,184.5,242.7,264,271.8
131,97.1,114.8,145,185.9,244.5,266,273.9
132,97.8,115.7,146.1,187.3,246.3,268,276
133,98.5,116.6,147.2,188.7,248.1,270,278.1
134,99.2,117.5,148.3,190.1,249.9,272,280.2
135,99.9,118.4,149.4,191.5,251.7,274,282.3
136,100.6,119.3,150.5,192.9,253.6,276,284.4
137,101.3,120.2,151.6,194.3,255.5,278,286.5
138,102,121.1,152.7,195.7,257.4,280,288.6
139,102.7,122,153.8,197.1,259.3,282,290.7
140,103.5,122.9,154.9,198.5,261.2,284,292.8
141,104.3,123.8,156,199.9,263.1,286,294.9
142,105.1,124.7,157.1,201.3,265,288,297
143,105.9,125.6,158.2,202.7,266.9,290,299.1
144,106.7,126.5,159.3,204.1,268.8,292,301.2
145,107.5,127.4,160.4,205.5,270.7,294,303.3
146,108.3,128.3,161.5,206.9,272.6,296,305.4
147,109.1,129.2,162.6,208.3,274.5,298,307.5
148,109.9,130.1,163.7,209.7,276.4,300,309.6
149,110.7,131,164.8,211.1,278.3,302,311.7
150,111.5,131.9,165.9,212.5,280.2,304,313.8
