Exceed,202,203,204,205,206,207,208,224,225,226
Letter,6.8,7.3,7.6,8.2,8.7,9.1,9.4,13.1,13.1,18.3
1,7.2,7.6,8.3,8.9,9.8,10.5,10.8,15.5,15.5,28.1
2,7.4,8.2,9.1,10.1,11.3,12.1,12.4,17.3,17.3,29.8
3,8,8.9,10.1,11.4,12.9,13.7,14.1,18.9,18.9,31.4
4,8.7,9.5,11.3,12.8,14.4,15.3,16,20.6,20.6,33.2
5,9.4,10.1,12.5,14.3,16.3,17.1,17.9,22.6,22.6,35.2
6,9.6,10.7,13,15.6,18.2,19.3,20.4,24.6,24.6,37.1
7,10.2,11.6,14.1,16.9,20.2,21.4,22.6,26.4,26.4,38.9
8,10.8,12.6,15.1,18.2,22.1,23.6,24.6,28.3,28.3,40.7
9,11.3,13.5,16.2,19.8,24.2,25.7,26.8,30.4,30.4,42.7
10,11.8,14.2,17.3,21.2,26.5,27.8,29,32.3,32.3,44.6
11,12.3,14.9,18.4,22.4,28.4,29.9,30.9,34.3,34.3,46.5
12,13,15.6,19.3,23.6,30.2,31.7,32.8,36,36,48.5
13,13.8,16.4,20.2,25,31.8,33.2,34.5,37.6,37.6,50.1
14,14.6,17.2,21.2,26.5,33.3,34.9,36.2,39.3,39.3,51.7
15,15.1,17.9,22.2,27.9,34.8,36.7,37.8,40.9,40.9,53.3
16,15.5,18.5,23.1,28.7,36.6,38.4,39.6,42.8,42.8,55
17,15.9,19,24,29.6,38.2,40.2,41.5,44.6,44.6,56.8
18,16.4,19.5,24.9,30.7,40,42.1,43.4,46.6,46.6,58.8
19,17,20.1,25.7,31.9,41.8,44.2,45.4,48.5,48.5,60.7
20,17.6,20.8,26.5,33,43.6,46.1,47.3,50.3,50.3,62.5
21,18.2,21.6,27.5,34.1,45.3,47.9,49.2,51.8,51.8,64.3
22,18.8,22.4,28.4,35.3,47.1,49.7,51.1,53.4,53.4,65.9
23,19.4,23.2,29.3,36.5,48.7,51.7,52.9,55.2,55.2,67.5
24,20,23.9,30.2,37.7,50.4,53.5,54.8,57,57,69.3
25,20.6,24.6,31.1,38.9,52,55.2,56.7,58.8,58.8,71.2
26,21.2,25.3,32,40.2,53.5,56.9,58.6,60.8,60.8,73
27,21.9,26,32.9,41.4,55,58.5,60.5,62.5,62.5,74.9
28,22.6,26.8,33.8,42.6,56.7,60.2,62.4,64.2,64.2,76.8
29,23.2,27.5,34.8,43.9,58.2,61.9,64.2,66,66,78.4
30,23.7,28.1,35.8,45,59.7,63.5,66,67.6,67.6,80
31,24.2,28.8,36.8,46.1,61.4,65.3,67.9,69.3,69.3,81.5
32,24.7,29.6,37.9,47.2,63,67,69.7,70.8,70.8,83
33,25.2,30.4,38.8,48.4,64.7,68.8,71.6,72.3,72.3,84.7
34,25.7,31,39.7,49.6,66.4,70.8,73.5,73.9,73.9,86.3
35,26.3,31.6,40.6,50.7,68.1,72.8,75.5,75.7,75.7,87.8
36,26.9,32.4,41.5,51.8,69.8,74.6,77.4,77.5,77.5,89.4
37,27.5,33.1,42.4,53,71.5,76.4,79.2,79.3,79.3,91
38,28.1,33.8,43.3,54.2,73.2,78.2,80.9,81.2,81.2,92.6
39,28.7,34.5,44.2,55.4,74.9,79.9,82.6,82.8,82.8,94.2
40,29.4,35.3,45,56.6,76.6,81.7,84.5,84.7,84.7,96
41,30.1,36.2,45.8,57.8,78.1,83.4,86.2,86.5,86.5,97.7
42,30.8,37,46.6,58.9,79.6,85.1,88,88.3,88.3,99.5
43,31.4,37.7,47.5,59.9,81.2,87.1,89.8,90.1,90.1,101.3
44,32,38.4,48.4,60.8,82.8,89,91.6,91.9,91.9,103.1
45,32.6,39.1,49.4,61.8,84.4,90.8,93.4,93.7,93.7,104.9
46,33.2,39.8,50.3,63,85.9,92.6,95.2,95.5,95.5,106.6
47,33.8,40.5,51.2,63.9,87.4,94.4,96.9,97.3,97.3,108.3
48,34.4,41.2,52.1,64.8,88.9,96.2,98.8,99,99,110
49,35,41.9,53,65.8,90.4,98,100.4,100.7,100.7,111.8
50,35.6,42.6,53.9,67,91.9,99.8,102,102.4,102.4,113.6
51,36.2,43.4,54.8,68.2,93.5,101.4,103.6,104.1,104.1,115.4
52,36.8,44.1,55.6,69.4,95.1,103,105.2,105.8,105.8,117
53,37.4,44.8,56.4,70.5,96.7,104.6,106.8,107.4,107.4,118.7
54,38,45.5,57.3,71.6,98.3,106.2,108.6,109.1,109.1,120.4
55,38.6,46.2,58.2,72.7,99.9,107.8,110.4,110.8,110.8,122.1
56,39.2,46.9,59.1,73.9,101.5,109.5,112,112.5,112.5,123.8
57,39.8,47.6,60,75.1,103,111.2,113.7,114.3,114.3,125.5
58,40.4,48.3,60.9,76.3,104.5,112.9,115.4,116,116,127.2
59,41,49,61.8,77.5,106,114.6,117.2,117.8,117.8,129
60,41.6,49.7,62.7,78.7,107.5,116.3,119.4,119.6,119.6,130.8
61,42.2,50.4,63.6,79.9,109.2,118.6,121.4,121.6,121.6,132.8
62,42.8,51.1,64.5,81.1,110.9,120.4,123.3,123.6,123.6,134.8
63,43.4,51.8,65.4,82.3,112.6,122.2,125.2,125.6,125.6,136.8
64,44,52.5,66.3,83.5,114.3,124,127.4,127.7,127.7,138.8
65,44.6,53.2,67.2,84.7,116,125.8,129.4,129.8,129.8,140.7
66,45.2,54.1,68.1,86.3,117.8,127.8,131.3,131.8,131.8,142.7
67,45.8,54.9,69,87.7,119.7,129.8,133.2,133.8,133.8,144.7
68,46.4,55.7,69.9,89.1,121.6,131.8,135.1,135.7,135.7,146.7
69,47,56.5,70.9,90.6,123.5,133.8,137.1,137.7,137.7,148.7
70,47.6,57.3,71.8,92.2,125.5,135.8,139.4,139.7,139.7,150.8
71,48.2,58.2,72.7,93.4,127.2,137.8,141.7,142.1,142.1,152.6
72,48.8,59,73.7,94.8,128.9,139.5,143.5,144.5,144.5,154.4
73,49.4,59.7,74.7,96.1,130.5,141.2,145.3,146.9,146.9,156.2
74,50,60.4,75.7,97.4,132.1,142.9,147.1,148.8,148.8,158
75,50.6,61.1,76.7,98.7,133.7,144.6,148.9,150.5,150.5,159.8
76,51.2,61.8,77.8,100,135.3,146.3,150.7,152.2,152.2,161.6
77,51.9,62.5,78.9,101.3,136.9,148.2,152.5,153.9,153.9,163.4
78,52.6,63.2,79.9,102.6,138.5,150.1,154.3,155.7,155.7,165.2
79,53.3,64,80.9,103.9,140.1,152,156.4,157.4,157.4,167
80,54,64.8,81.9,105.2,141.7,153.9,158.3,159.2,159.2,168.8
81,54.7,65.6,82.9,106.4,143.3,155.8,160.1,161,161,170.8
82,55.4,66.4,83.8,107.6,144.9,157.4,162,162.9,162.9,172.8
83,56,67.1,84.7,108.8,146.5,159,163.9,164.7,164.7,174.8
84,56.6,67.8,85.6,110,148.1,160.6,165.8,166.6,166.6,176.8
85,57.2,68.5,86.5,111.2,149.7,162.2,167.7,168.5,168.5,178.5
86,57.8,69.2,87.4,112.4,151.3,164,169.4,170.3,170.3,180.2
87,58.4,69.9,88.3,113.6,153.3,165.8,171.2,172.2,172.2,181.9
88,59,70.6,89.2,114.8,155.3,167.6,173,174.1,174.1,183.6
89,59.6,71.3,90.2,116,157.3,169.4,174.7,175.9,175.9,185.3
90,60.2,72,91.2,117.2,158.8,171.2,176.5,177.7,177.7,187
91,60.9,72.8,92.2,118.4,160.3,172.9,178.3,179.6,179.6,188.7
92,61.6,73.7,93.2,119.6,161.8,174.8,180.1,181.3,181.3,190.4
93,62.2,74.5,94.2,120.8,163.3,176.5,181.9,183.1,183.1,192.1
94,62.8,75.2,95.2,122,164.8,178.2,183.7,184.8,184.8,193.8
95,63.4,75.9,96.1,123.1,166.3,179.9,185.5,186.6,186.6,195.6
96,64,76.6,97,124.2,167.8,181.8,187.3,188.3,188.3,197.3
97,64.6,77.3,97.9,125.3,169.3,183.7,189.1,190.1,190.1,199.1
98,65.2,78,98.8,126.4,170.8,185.3,191,191.8,191.8,200.9
99,65.8,78.7,99.7,127.5,172.3,186.9,192.9,193.6,193.6,202.7
100,66.4,79.4,100.6,128.6,173.8,188.5,194.8,195.4,195.4,204.5
101,67,80.1,101.5,129.8,175.4,190.4,196.6,197.2,197.2,206.4
102,67.6,80.8,102.4,131,177,192.3,198.5,199,199,208.3
103,68.2,81.7,103.3,132.2,178.6,194,200.4,200.8,200.8,210.2
104,68.8,82.4,104.2,133.4,180.6,195.8,202.3,202.7,202.7,212.1
105,69.4,83.1,105.1,134.6,182.3,197.6,204.2,204.5,204.5,213.8
106,70,83.9,106.1,135.8,184,199.4,206,206.4,206.4,215.5
107,70.6,84.7,107,137,185.7,201.2,207.9,208.3,208.3,217.3
108,71.2,85.5,107.9,138.2,187.4,203,209.8,210.2,210.2,219.1
109,71.8,86.3,108.8,139.4,189.1,205,211.7,212,212,221.1
110,72.4,87.1,109.7,140.6,190.8,206.9,213.6,213.8,213.8,222.9
111,73,87.9,110.6,141.8,192.5,208.8,215.5,215.7,215.7,224.7
112,73.6,88.7,111.5,143,194.2,210.7,217.4,217.6,217.6,226.5
113,74.3,89.5,112.4,144.2,196.4,212.6,219.3,219.5,219.5,228.4
114,75,90.3,113.4,145.4,198.6,214.5,221.2,221.4,221.4,230.3
115,75.7,91.1,114.5,146.7,200.8,216.4,223.1,223.3,223.3,232.2
116,76.4,91.9,115.6,148,202.4,218.3,224.9,225.1,225.1,234.1
117,77.1,92.7,116.6,149.3,204,220.2,226.7,226.9,226.9,236
118,77.8,93.5,117.6,150.6,205.6,222.1,228.6,228.7,228.7,238
119,78.5,94.3,118.6,151.9,207.2,224,230.5,230.9,230.9,240
120,79.2,95.1,119.6,153.2,208.8,225.9,232.3,232.8,232.8,242
121,79.9,95.9,120.7,154.5,210.4,227.8,234.2,234.8,234.8,243.9
122,80.6,96.6,121.7,155.8,212,229.6,236.1,236.8,236.8,245.8
123,81.3,97.4,122.7,157.1,213.6,231.4,238,238.8,238.8,247.8
124,82,98.2,123.7,158.4,215.2,233.2,239.8,240.8,240.8,249.8
125,82.7,99,124.7,159.7,216.8,235,241.7,242.8,242.8,251.8
126,83.4,99.7,125.7,161,218.8,236.8,243.7,244.8,244.8,253.8
127,84,100.4,126.7,162.2,220.8,238.6,245.7,246.8,246.8,255.8
128,84.6,101.1,127.8,163.4,222.8,240.4,247.7,248.8,248.8,257.8
129,85.2,101.8,128.8,164.6,224.8,242.2,249.7,250.8,250.8,259.8
130,85.8,102.6,129.8,165.8,226.8,244.2,251.7,252.8,252.8,261.8
131,86.4,103.4,130.8,167,228.4,246.2,253.6,254.8,254.8,263.7
132,87,104.2,131.8,168.2,230,248.2,255.6,256.8,256.8,265.6
133,87.6,105,132.8,169.4,231.6,250.2,257.6,258.8,258.8,267.5
134,88.2,105.8,133.8,170.6,233.2,252.2,259.6,260.8,260.8,269.4
135,88.8,106.6,134.8,171.8,234.8,254.2,261.6,262.8,262.8,271.3
136,89.4,107.4,135.8,173,236.5,256.2,263.6,264.8,264.8,273.2
137,90,108.2,136.8,174.2,238.2,258.2,265.6,266.8,266.8,275.1
138,90.6,109,137.8,175.4,239.9,260.2,267.6,268.8,268.8,277
139,91.3,109.8,138.8,176.6,241.6,262.2,269.6,270.8,270.8,278.9
140,92,110.6,139.8,177.8,243.3,264.2,271.6,272.7,272.7,280.8
141,92.7,111.4,140.8,179.1,245,266.2,273.6,274.6,274.6,282.6
142,93.4,112.2,141.8,180.4,246.7,268.2,275.6,276.5,276.5,284.4
143,94.1,113.1,142.8,181.7,248.4,270.2,277.6,278.4,278.4,286.2
144,94.8,114,143.8,183,250.1,272.2,279.6,280.3,280.3,288.1
145,95.5,114.8,144.8,184.3,251.8,274.2,281.5,282.3,282.3,290
146,96.2,115.6,145.8,185.6,253.5,276.1,283.4,284.3,284.3,291.9
147,96.9,116.4,146.8,186.9,255.2,278,285.3,286.3,286.3,293.8
148,97.6,117.2,147.8,188.2,256.9,279.9,287.3,288.3,288.3,295.7
149,98.3,118,148.8,189.5,258.6,281.8,289.3,290.3,290.3,297.6
150,99,118.8,149.8,190.8,260.3,283.7,291.3,292.3,292.3,299.5
Multiplier,0.67,0.8,1.01,1.28,1.75,1.9,1.95,1.96,1.96,2.01
