Exceed,302,303,304,305,306,307,308
1,4.6,5.2,5.5,6,7.1,7.7,7.9
2,4.8,5.4,6,6.7,8.3,8.7,9.2
3,5.2,5.8,6.5,7.5,9.3,9.9,10.5
4,5.6,6.5,7.2,8.4,10.5,11.2,11.8
5,5.9,7,7.9,9.3,11.7,12.5,13.3
6,6.3,7.7,8.6,10.1,12.6,13.5,14.4
7,6.7,8.2,9.3,10.7,13.5,14.7,15.8
8,7.2,8.8,10,11.6,14.7,15.9,17.1
9,7.6,9.3,10.7,12.4,15.7,17.1,18.5
10,8,9.8,11.3,13.2,16.8,18.3,19.8
11,8.4,10.5,12,13.8,17.9,19.5,21.1
12,8.9,11,12.6,14.6,19,20.7,22.4
13,9.3,11.5,13.3,15.5,20.2,22,23.7
14,9.7,12,14,16.3,21.3,23.2,25.1
15,10.1,12.6,14.7,17.2,22.4,24.5,26.4
16,10.4,13,15.2,17.8,23,25.5,27.6
17,10.8,13.4,15.8,18.5,23.8,26.4,28.7
18,11.2,13.9,16.5,19.3,24.7,27.4,29.8
19,11.6,14.4,17.1,20.1,25.7,28.6,30.9
20,12,15,17.8,20.8,26.7,29.7,32.1
21,12.4,15.5,18.6,21.6,27.7,30.7,33.2
22,12.8,16,19.3,22.4,28.8,31.7,34.4
23,13.2,16.5,19.9,23.2,29.8,32.9,35.5
24,13.6,17.1,20.5,23.9,30.9,34,36.8
25,14.1,17.8,21.2,24.7,31.9,35.1,38
26,14.6,18.5,21.9,25.6,32.9,36.3,39.3
27,15,19,22.6,26.5,34,37.6,40.5
28,15.5,19.5,23.3,27.3,35.1,38.8,41.8
29,15.9,20,24,28,36.2,39.9,43.2
30,16.3,20.5,24.6,28.7,37.4,41.1,44.5
31,16.7,21.1,25.3,29.5,38.4,42.2,45.8
32,17.1,21.6,26,30.3,39.4,43.3,47
33,17.5,22.1,26.8,31.1,40.4,44.4,48.3
34,17.9,22.7,27.6,32,41.5,45.5,49.7
35,18.3,23.2,28.2,32.7,42.5,46.6,50.8
36,18.7,23.7,28.8,33.5,43.5,47.5,51.9
37,19.1,24.3,29.4,34.2,44.4,48.5,53
38,19.5,24.8,30,35,45.4,49.6,54
39,20,25.3,30.6,35.8,46.4,50.6,55.2
40,20.4,25.8,31.2,36.6,47.2,51.6,56.3
41,20.8,26.3,31.8,37.4,48.2,52.8,57.5
42,21.2,26.9,32.5,38.3,49.3,54,58.8
43,21.6,27.5,33.2,39.2,50.4,55.1,60.1
44,22,28,33.9,39.9,51.4,56.3,61.4
45,22.4,28.5,34.6,40.7,52.4,57.4,62.7
46,22.8,29.1,35.2,41.5,53.6,58.5,64.1
47,23.2,29.6,35.8,42.3,54.8,59.7,65.3
48,23.6,30.2,36.4,43.1,56,60.8,66.7
49,24,30.7,37,43.9,57.2,61.9,68.1
50,24.4,31.2,37.6,44.6,58.3,63.1,69.2
51,24.8,31.7,38.3,45.3,59.3,64.4,70.3
52,25.2,32.3,39,46.1,60.3,65.7,71.6
53,25.7,32.9,39.7,46.9,61.3,67,72.9
54,26.2,33.4,40.4,47.7,62.3,68.3,74.2
55,26.6,33.9,41.1,48.5,63.3,69.4,75.6
56,27,34.4,41.7,49.3,64.4,70.6,77
57,27.4,34.9,42.3,50.1,65.6,71.8,78.4
58,27.8,35.4,42.9,50.8,66.9,72.9,79.8
59,28.2,35.9,43.5,51.5,68.3,74,81.2
60,28.6,36.5,44.1,52.5,69.5,75.2,82.6
61,29,37.1,44.8,53.4,70.6,76.5,83.9
62,29.4,37.7,45.5,54.2,71.7,77.7,85.2
63,29.8,38.2,46.2,55,72.8,78.9,86.6
64,30.2,38.7,47,55.8,73.8,80.1,88
65,30.6,39.2,47.8,56.5,74.8,81.3,89.4
66,31.1,39.8,48.4,57.3,76,82.5,90.8
67,31.6,40.3,49,58.1,77.2,83.7,92.2
68,32,40.8,49.6,58.9,78.4,84.9,93.7
69,32.4,41.3,50.2,59.7,79.7,86.1,95.2
70,32.8,42.1,51.1,60.6,80.9,87.4,96.8
71,33.2,42.8,51.7,61.3,81.7,88.6,97.7
72,33.6,43.6,52.6,62.1,82.7,89.9,99.1
73,34,44.3,53.5,62.9,83.6,91.3,100.6
74,34.4,44.9,54.4,63.9,84.6,92.7,102.1
75,34.8,45.5,55.2,64.9,85.8,94.2,103.4
76,35.2,46,55.9,66,86.9,95.6,104.8
77,35.6,46.6,56.6,66.9,88.1,96.9,106.2
78,36.1,47.3,57.3,67.8,89.2,98.3,107.6
79,36.6,47.8,58.1,68.7,90.2,99.8,108.9
80,37,48.3,58.7,69.5,91.2,101.2,110.1
81,37.4,48.8,59.3,70.3,92.2,102.5,111.3
82,37.8,49.4,59.9,71.3,93.2,103.5,112.5
83,38.2,50.1,60.6,72.1,94.2,104.6,113.7
84,38.6,50.6,61.3,72.9,95.2,105.9,115
85,39,51.1,62,73.7,96.2,107.1,116.3
86,39.4,51.6,62.7,74.5,97.3,108.3,117.6
87,39.8,52.1,63.5,75.4,98.6,109.6,119
88,40.2,52.7,64.2,76.3,99.6,110.7,120.4
89,40.6,53.3,64.9,77.2,100.6,111.9,121.8
90,41,53.8,65.6,78,101.6,113,123.2
91,41.4,54.3,66.2,78.9,102.8,114.1,124.6
92,41.8,54.8,66.8,79.8,103.9,115.2,126.1
93,42.2,55.4,67.4,80.6,105,116.3,127.3
94,42.7,56,68.1,81.4,106.1,117.4,128.5
95,43.1,56.5,68.8,82.2,107.2,118.5,129.8
96,43.5,57,69.5,83.1,108.4,119.7,131.1
97,43.9,57.5,70.2,83.9,109.6,121,132.4
98,44.3,58.1,70.9,84.7,110.8,122.4,133.7
99,44.7,58.7,71.6,85.5,112,123.9,135
100,45.2,59.3,72.3,86.3,113.2,125.3,136.4
101,45.6,59.8,73,87.1,114.2,126.6,137.8
102,46,60.3,73.8,88.1,115.2,127.7,139.2
103,46.5,60.8,74.4,88.9,116.2,128.8,140.6
104,46.9,61.3,75,89.7,117.2,129.9,142
105,47.3,61.8,75.6,90.5,118.2,131,143.5
106,47.7,62.4,76.2,91.3,119.2,132.1,144.9
107,48.2,63.1,76.9,92,120.2,133.5,146.3
108,48.6,63.8,77.6,92.8,121.2,134.9,147.6
109,49,64.5,78.3,93.5,122.3,136,148.8
110,49.4,65.2,79.1,94.2,123.4,137.1,149.9
111,49.8,65.7,79.8,95,124.6,138.2,151.1
112,50.2,66.2,80.4,95.8,125.9,139.1,152.4
113,50.6,66.7,81,96.8,127.2,140,153.8
114,51,67.2,81.6,97.8,128.5,140.8,155.2
115,51.4,67.7,82.2,98.8,129.5,141.6,156.6
116,51.8,68.1,82.9,99.6,130.5,142.4,157.8
117,52.2,68.7,83.6,100.4,131.6,143.4,159
118,52.6,69.2,84.4,101.2,132.6,144.4,160.2
119,53,69.7,85.1,102,133.6,145.6,161.4
120,53.4,70.2,85.8,102.8,134.6,146.9,162.6
121,53.9,70.7,86.5,103.7,135.6,148,163.9
122,54.3,71.2,87.2,104.5,136.9,149.1,165.2
123,54.7,71.7,87.8,105.3,138.1,150.2,166.5
124,55.1,72.2,88.4,106.1,139.3,151.3,167.9
125,55.5,72.7,89.1,106.9,140.4,152.4,169.3
126,55.9,73.2,89.8,107.7,141.5,153.5,170.7
127,56.3,73.7,90.5,108.5,142.6,154.7,172.1
128,56.8,74.2,91.1,109.3,143.7,155.9,173.5
129,57.2,74.7,91.7,110.1,144.8,157.2,174.9
130,57.6,75.2,92.4,110.9,145.9,158.5,176.3
131,58,75.8,93.1,111.7,146.9,159.7,177.7
132,58.4,76.4,93.8,112.5,147.9,160.9,179.1
133,58.8,77,94.5,113.3,148.9,162.1,180.5
134,59.3,77.6,95.2,114.1,149.9,163.3,181.9
135,59.8,78.3,95.9,114.9,151.1,164.6,183.3
136,60.2,78.9,96.6,115.7,152.3,165.8,184.8
137,60.6,79.5,97.3,116.5,153.5,167.1,186.3
138,61,80.1,98,117.3,154.5,168.1,187.8
139,61.4,80.7,98.7,118.1,155.5,169.4,189.3
140,61.8,81.3,99.4,118.9,156.5,170.7,190.7
141,62.3,81.8,100.2,119.7,157.5,172,192.1
142,62.7,82.3,100.9,120.5,158.5,173.3,193.5
143,63.1,82.8,101.5,121.3,159.5,174.6,194.9
144,63.5,83.4,102.1,122.1,160.5,175.9,196.3
145,63.9,84,102.7,123,161.5,177.2,197.7
146,64.3,84.5,103.3,123.9,162.5,178.4,199.1
147,64.7,85,103.9,124.8,163.5,179.5,200.5
148,65.2,85.5,104.5,125.7,164.5,180.6,201.9
149,65.7,86,105.2,126.6,165.5,181.9,203.3
150,66.2,86.8,105.9,127.5,166.5,183.2,204.7
Multiplier,0.45,0.59,0.72,0.86,1.12,1.23,1.37
