Exceed,2,3,4,5,6,7,8
1,6.6,6.66,6.71,6.76,6.81,6.86,6.91
2,7.03,7.08,7.13,7.18,7.23,7.28,7.34
3,7.91,8.03,8.18,8.23,8.28,8.33,8.44
4,8.81,8.96,9.18,9.28,9.33,9.39,9.55
5,9.76,9.96,10.18,10.39,10.44,10.49,10.65
6,10.76,11.01,11.23,11.44,11.54,11.64,11.81
7,11.81,12.12,12.28,12.49,12.64,12.75,12.96
8,12.91,13.23,13.33,13.59,13.74,13.91,14.12
9,14.01,14.28,14.43,14.69,14.86,15.06,15.27
10,15.06,15.33,15.49,15.79,16.01,16.17,16.43
11,16.06,16.32,16.54,16.85,17.11,17.22,17.54
12,17.06,17.27,17.59,17.85,18.16,18.22,18.64
13,18.01,18.16,18.64,18.9,19.16,19.22,19.69
14,18.9,19.06,19.69,19.95,20.16,20.21,20.74
15,19.79,19.95,20.74,20.95,21.21,21.27,21.79
16,20.64,20.9,21.74,21.95,22.32,22.37,22.89
17,21.47,21.84,22.69,22.95,23.47,23.52,24
18,22.37,22.79,23.57,23.94,24.63,24.73,25.1
19,23.26,23.74,24.42,24.94,25.73,26,26.2
20,24.1,24.68,25.25,25.94,26.78,27.2,27.3
21,24.89,25.62,26.15,26.94,27.83,28.36,28.41
22,25.62,26.52,27.05,27.88,28.88,29.46,29.52
23,26.37,27.36,27.93,28.83,29.93,30.51,30.62
24,27.1,28.15,28.78,29.73,30.98,31.51,31.72
25,27.88,28.88,29.62,30.57,31.98,32.46,32.78
26,28.67,29.62,30.41,31.41,32.98,33.4,33.83
27,29.46,30.35,31.15,32.25,33.98,34.35,34.83
28,30.3,31.1,31.93,33.08,34.98,35.3,35.83
29,31.1,31.83,32.72,33.93,35.93,36.24,36.81
30,31.93,32.61,33.51,34.76,36.88,37.19,37.76
31,32.72,33.46,34.3,35.61,37.81,38.13,38.71
32,33.46,34.3,35.08,36.4,38.71,39.03,39.61
33,34.19,35.08,35.88,37.13,39.56,39.86,40.44
34,34.88,35.83,36.66,37.81,40.34,40.66,41.23
35,35.51,36.51,37.45,38.56,41.08,41.39,42.02
36,36.08,37.13,38.19,39.24,41.76,42.18,42.81
37,36.66,37.71,38.98,39.92,42.39,42.97,43.54
38,37.29,38.29,39.71,40.61,42.97,43.76,44.22
39,37.87,38.92,40.44,41.29,43.54,44.54,44.91
40,38.44,39.56,41.18,41.92,44.12,45.34,45.59
41,39.03,40.18,41.86,42.6,44.7,46.12,46.27
42,39.61,40.81,42.54,43.29,45.27,46.91,47.02
43,40.18,41.44,43.23,43.97,45.86,47.7,47.8
44,40.76,42.07,43.91,44.65,46.44,48.49,48.59
45,41.34,42.71,44.59,45.34,47.02,49.27,49.43
46,41.92,43.29,45.22,46.02,47.59,50.07,50.27
47,42.49,43.86,45.86,46.64,48.22,50.85,51.12
48,43.12,44.44,46.49,47.22,48.85,51.64,51.95
49,43.76,45.02,47.12,47.8,49.49,52.43,52.8
50,44.34,45.59,47.75,48.38,50.07,53.22,53.63
51,44.91,46.12,48.38,49.01,50.64,53.95,54.48
52,45.44,46.7,49.01,49.64,51.22,54.68,55.27
53,45.96,47.27,49.64,50.27,51.85,55.42,56.05
54,46.44,47.85,50.27,50.95,52.53,56.16,56.85
55,46.91,48.44,50.9,51.69,53.22,56.9,57.63
56,47.39,49.01,51.53,52.43,53.85,57.58,58.42
57,47.91,49.59,52.17,53.17,54.58,58.26,59.15
58,48.44,50.17,52.8,53.85,55.37,58.95,59.83
59,48.9,50.69,53.37,54.48,56.16,59.63,60.52
60,49.43,51.22,53.95,55.1,56.9,60.26,61.2
61,49.9,51.69,54.48,55.68,57.63,60.88,61.83
62,50.43,52.17,55,56.21,58.31,61.46,62.46
63,50.9,52.64,55.47,56.68,58.95,62.04,63.04
64,51.37,53.11,55.95,57.15,59.58,62.56,63.56
65,51.85,53.58,56.37,57.63,60.15,63.09,64.09
66,52.27,54,56.78,58.1,60.68,63.62,64.61
67,52.69,54.48,57.15,58.63,61.26,64.14,65.14
68,53.05,54.9,57.53,59.21,61.78,64.61,65.67
69,53.42,55.37,57.83,59.78,62.25,65.09,66.19
70,53.8,55.85,58.15,60.36,62.73,65.56,66.72
71,54.16,56.26,58.42,60.88,63.2,65.98,67.24
72,54.53,56.68,58.68,61.41,63.68,66.36,67.72
73,54.9,57.1,58.95,61.94,64.14,66.72,68.19
74,55.27,57.53,59.26,62.46,64.61,67.09,68.61
75,55.63,57.95,59.58,62.94,65.09,67.46,69.03
76,56,58.36,59.94,63.41,65.56,67.82,69.4
77,56.42,58.78,60.31,63.88,66.04,68.19,69.77
78,56.85,59.26,60.73,64.36,66.51,68.61,70.14
79,57.31,59.78,61.15,64.78,66.98,69.03,70.56
80,57.78,60.36,61.63,65.25,67.41,69.46,70.97
81,58.31,60.94,62.1,65.72,67.88,69.87,71.45
82,58.83,61.51,62.63,66.14,68.34,70.29,71.92
83,59.41,62.1,63.15,66.61,68.82,70.71,72.45
84,60,62.68,63.73,67.09,69.29,71.14,72.97
85,60.52,63.2,64.31,67.51,69.72,71.61,73.55
86,61.05,63.73,64.88,67.98,70.19,72.08,74.13
87,61.56,64.2,65.46,68.46,70.66,72.61,74.71
88,62.1,64.73,66.04,68.93,71.14,73.14,75.24
89,62.63,65.25,66.61,69.4,71.61,73.66,75.76
90,63.15,65.78,67.19,69.87,72.08,74.19,76.29
91,63.68,66.3,67.77,70.34,72.55,74.71,76.81
92,64.2,66.83,68.34,70.87,73.02,75.24,77.34
93,64.73,67.36,68.93,71.45,73.5,75.76,77.87
94,65.25,67.88,69.51,72.08,74.02,76.23,78.39
95,65.78,68.41,70.09,72.76,74.55,76.75,78.92
96,66.3,68.93,70.66,73.39,75.07,77.23,79.44
97,66.83,69.46,71.24,73.97,75.6,77.7,79.97
98,67.36,69.98,71.82,74.6,76.12,78.17,80.43
99,67.88,70.51,72.39,75.18,76.65,78.65,80.96
100,68.41,70.97,72.97,75.7,77.12,79.12,81.48
101,68.93,71.45,73.5,76.18,77.6,79.54,82.01
102,69.46,71.92,74.02,76.65,78.07,80.02,82.48
103,69.98,72.39,74.55,77.07,78.55,80.43,83.01
104,70.51,72.87,75.07,77.55,79.02,80.91,83.53
105,71.03,73.34,75.6,77.97,79.49,81.33,84.01
106,71.56,73.82,76.12,78.44,79.97,81.8,84.53
107,72.08,74.29,76.65,78.92,80.43,82.28,85.01
108,72.61,74.76,77.18,79.44,80.91,82.7,85.53
109,73.14,75.24,77.7,79.91,81.38,83.17,86.06
110,73.66,75.7,78.23,80.43,81.85,83.58,86.53
111,74.19,76.18,78.75,80.96,82.33,84.06,87.06
112,74.71,76.65,79.28,81.43,82.85,84.48,87.53
113,75.24,77.12,79.8,81.9,83.38,84.95,88.06
114,75.76,77.6,80.33,82.38,83.9,85.43,88.58
115,76.29,78.07,80.85,82.85,84.43,85.9,89.11
116,76.81,78.6,81.38,83.33,84.95,86.38,89.58
117,77.34,79.12,81.9,83.75,85.48,86.9,90.11
118,77.87,79.65,82.43,84.22,86.01,87.38,90.58
119,78.39,80.17,82.96,84.7,86.48,87.9,91.11
120,78.92,80.7,83.48,85.16,86.95,88.43,91.63
121,79.44,81.22,84.01,85.63,87.43,88.95,92.16
122,79.97,81.75,84.53,86.16,87.9,89.43,92.63
123,80.49,82.28,85.06,86.63,88.31,89.89,93.16
124,81.02,82.8,85.58,87.16,88.79,90.42,93.68
125,81.54,83.33,86.11,87.69,89.26,90.89,94.16
126,82.07,83.85,86.63,88.21,89.79,91.42,94.68
127,82.59,84.38,87.16,88.68,90.26,91.89,95.21
128,83.12,84.9,87.69,89.16,90.74,92.36,95.73
129,83.65,85.43,88.21,89.58,91.26,92.89,96.2
130,84.17,85.95,88.74,90.05,91.79,93.36,96.72
131,84.7,86.48,89.26,90.53,92.31,93.84,97.25
132,85.22,87,89.79,90.94,92.84,94.36,97.77
133,85.75,87.53,90.31,91.42,93.36,94.84,98.25
134,86.27,88.06,90.84,91.89,93.89,95.31,98.77
135,86.8,88.58,91.36,92.36,94.41,95.78,99.3
136,87.32,89.11,91.89,92.84,94.94,96.31,99.77
137,87.85,89.63,92.41,93.36,95.46,96.78,100.3
138,88.38,90.16,92.94,93.89,95.99,97.31,100.82
139,88.9,90.68,93.47,94.36,96.52,97.83,101.35
140,89.43,91.21,93.99,94.89,97.04,98.36,101.87
141,89.95,91.73,94.52,95.41,97.57,98.89,102.35
142,90.48,92.26,95.04,95.89,98.09,99.41,102.87
143,91,92.79,95.57,96.36,98.62,99.94,103.4
144,91.53,93.31,96.09,96.83,99.14,100.51,103.92
145,92.05,93.84,96.62,97.31,99.67,101.04,104.4
146,92.58,94.36,97.14,97.77,100.19,101.62,104.92
147,93.1,94.89,97.67,98.25,100.72,102.14,105.45
148,93.63,95.41,98.2,98.72,101.25,102.67,105.97
149,94.16,95.94,98.72,99.19,101.77,103.24,106.5
150,94.68,96.46,99.25,99.67,102.3,103.77,107.03
