Exceed,18
Letter,10
1,10.7
2,12.4
3,14.2
4,16
5,17.9
6,19.9
7,21.9
8,23.9
9,25.9
10,27.9
11,29.7
12,31.4
13,33
14,34.6
15,36
16,37.3
17,38.5
18,39.7
19,41
20,42.3
21,43.5
22,44.5
23,45.6
24,46.6
25,47.5
26,48.6
27,49.8
28,51
29,52.2
30,53.3
31,54.5
32,55.6
33,56.9
34,58.2
35,59.3
36,60.5
37,61.9
38,63.3
39,64.7
40,66
41,67.5
42,69
43,70.3
44,71.5
45,72.9
46,74.1
47,75.4
48,76.6
49,77.7
50,79
51,80.3
52,81.6
53,83
54,84.2
55,85.6
56,86.9
57,88.4
58,89.7
59,90.9
60,92.3
61,93.7
62,95.2
63,96.7
64,98.2
65,99.5
66,101
67,102.3
68,103.6
69,105
70,106.5
71,108
72,109.6
73,111.3
74,112.9
75,114.4
76,115.9
77,117.6
78,119.1
79,120.7
80,122.1
81,123.4
82,124.9
83,126.2
84,127.5
85,129
86,130.3
87,131.8
88,133.1
89,134.6
90,136.1
91,137.6
92,139.1
93,140.6
94,141.9
95,143.1
96,144.3
97,145.7
98,146.9
99,148.3
100,149.5
101,150.9
102,152.4
103,153.8
104,155.3
105,156.8
106,158.3
107,159.6
108,160.9
109,162.4
110,164.1
111,165.8
112,167.3
113,168.8
114,170.1
115,171.6
116,173.1
117,174.6
118,175.9
119,177.4
120,178.7
121,180.2
122,181.7
123,183.2
124,184.7
125,186.2
126,187.5
127,189
128,190.5
129,192
130,193.4
131,194.9
132,196.4
133,197.9
134,199.5
135,201.1
136,202.6
137,204.1
138,205.4
139,206.9
140,208.4
141,209.9
142,211.2
143,212.7
144,214.2
145,215.5
146,217
147,218.6
148,220.2
149,221.8
150,223.5
