Exceed,14
Letter,9
1,9.8
2,11.4
3,13
4,14.6
5,16.3
6,18.2
7,20
8,21.7
9,23.5
10,25.3
11,27
12,28.7
13,30.3
14,31.7
15,32.9
16,33.9
17,34.9
18,36.1
19,37.5
20,38.7
21,39.7
22,40.7
23,41.7
24,42.5
25,43.5
26,44.6
27,45.6
28,46.6
29,47.8
30,48.8
31,49.8
32,50.9
33,52.2
34,53.3
35,54.3
36,55.4
37,56.7
38,58
39,59.3
40,60.4
41,61.6
42,62.9
43,64.2
44,65.5
45,66.8
46,67.9
47,69.1
48,70.1
49,71.2
50,72.5
51,73.6
52,74.8
53,76.1
54,77.2
55,78.4
56,79.4
57,80.6
58,82
59,83.3
60,84.6
61,85.9
62,87.2
63,88.5
64,89.8
65,91.1
66,92.4
67,93.7
68,95
69,96.3
70,97.6
71,99.1
72,100.6
73,102.1
74,103.6
75,104.9
76,106.2
77,107.4
78,108.7
79,110
80,111.4
81,112.7
82,114
83,115.3
84,116.6
85,117.9
86,119.2
87,120.5
88,121.8
89,123.1
90,124.6
91,126.1
92,127.4
93,128.7
94,130
95,131.1
96,132.4
97,133.7
98,134.8
99,136.1
100,137.2
101,138.5
102,139.8
103,141.1
104,142.4
105,143.7
106,145
107,146.3
108,147.6
109,149.1
110,150.6
111,151.9
112,153.2
113,154.5
114,155.8
115,157.1
116,158.6
117,159.9
118,161.2
119,162.5
120,163.8
121,165.1
122,166.6
123,167.9
124,169.4
125,170.7
126,172
127,173.3
128,174.8
129,176.1
130,177.4
131,178.7
132,180.2
133,181.5
134,183
135,184.5
136,185.8
137,187.1
138,188.4
139,189.7
140,191.2
141,192.5
142,193.8
143,195.1
144,196.4
145,197.7
146,199.2
147,200.5
148,202
149,203.5
150,205
