Exceed,22,24,26
Letter,13.75,15.25,21
1,19,24.25,34.25
2,21.25,26.75,36.75
3,23.25,29.25,39.25
4,25.25,31.5,41.5
5,27.25,33.75,43.75
6,29,36.25,46.25
7,30.75,38.5,48.5
8,32.75,40.75,50.75
9,34.5,43,53
10,36.25,45.25,55.25
11,38,47.25,57.25
12,39.75,49.25,59.25
13,41.5,51.25,61.25
14,43.25,53.25,63.25
15,45,55.25,65.25
16,46.75,57.25,67.25
17,48.25,59,69
18,49.5,60.75,70.75
19,50.75,62.25,72.25
20,52.25,64,74
21,53.75,65.5,75.5
22,55.25,67.25,77.25
23,56.75,68.75,78.75
24,58.25,70.25,80.25
25,59.5,71.75,81.75
26,60.75,73.5,83.5
27,62,75.25,85.25
28,63.25,77,87
29,64.75,78.75,88.75
30,66,80.75,90.75
31,67.5,82.75,92.75
32,69,84.5,94.5
33,70.25,86.25,96.25
34,71.75,88.25,98.25
35,73,90.25,100.25
36,74.5,92.25,102.25
37,76,94.25,104.25
38,77.25,96.25,106.25
39,78.75,98.25,108.25
40,80.25,100.25,110.25
41,81.75,102.25,112.25
42,83.25,104.25,114.25
43,84.75,106,116
44,86.25,107.75,117.75
45,88,109.75,119.75
46,89.5,111.75,121.75
47,91,113.5,123.5
48,92.5,115.25,125.25
49,94,117,127
50,95.75,119,129
51,97.25,121,131
52,98.75,123,133
53,100.25,125,135
54,101.75,127.25,137.25
55,103.5,129.25,139.25
56,105,131.5,141.5
57,106.5,134,144
58,108.25,136.25,146.25
59,110,138.75,148.75
60,112,141.25,151.25
61,113.75,143.75,153.75
62,115.75,146.5,156.5
63,118,149.25,159.25
64,120,151.75,161.75
65,122,154.25,164.25
66,124,157,167
67,126.25,159.5,169.5
68,128.25,162,172
69,130.25,164.75,174.75
70,132.5,167.25,177.25
71,134.75,169.75,179.75
72,136.75,172.25,182.25
73,139,174.75,184.75
74,141,177.5,187.5
75,143.25,180,190
76,145.5,182.5,192.5
77,147.5,185,195
78,149.5,187.5,197.5
79,151.75,190,200
80,154,192.75,202.75
81,156,195.25,205.25
82,158.25,197.75,207.75
83,160.25,200.25,210.25
84,162.5,202.75,212.75
85,164.75,205.25,215.25
86,166.75,207.75,217.75
87,168.75,210.25,220.25
88,170.75,212.5,222.5
89,172.75,215,225
90,175,217.75,227.75
91,177.25,220.25,230.25
92,179.25,222.75,232.75
93,181.25,225.25,235.25
94,183.25,227.75,237.75
95,185.5,230.25,240.25
96,187.75,233,243
97,189.75,235.5,245.5
98,191.75,237.75,247.75
99,194,240,250
100,196.25,242.25,252.25
101,198.5,244.5,254.5
102,200.5,246.75,256.75
103,202.5,249,259
104,204.75,251.25,261.25
105,207,253.75,263.75
106,209.25,256.25,266.25
107,211.25,258.5,268.5
108,213.25,261,271
109,215.5,263.5,273.5
110,217.75,266,276
111,219.75,268.25,278.25
112,221.75,270.75,280.75
113,223.75,273,283
114,226,275.25,285.25
115,228.25,277.75,287.75
116,230.25,280,290
117,232.25,282.5,292.5
118,234.5,285,295
119,236.5,287.5,297.5
120,238.75,290,300
121,240.75,292.5,302.5
122,242.75,294.75,304.75
123,244.75,297,307
124,247,299.5,309.5
125,249.25,302.25,312.25
126,251.5,304.75,314.75
127,253.5,307,317
128,255.5,309.25,319.25
129,257.25,311.75,321.75
130,259,314.25,324.25
131,261,316.5,326.5
132,262.75,319,329
133,264.75,321.5,331.5
134,266.5,324,334
135,268.25,326.5,336.5
136,270.25,328.75,338.75
137,272.25,331.25,341.25
138,274,333.75,343.75
139,275.75,336,346
140,277.5,338.25,348.25
141,279.25,340.75,350.75
142,281.25,343,353
143,283,345.5,355.5
144,285,348,358
145,287,350.5,360.5
146,288.75,352.75,362.75
147,290.5,355.25,365.25
148,292.5,357.75,367.75
149,294.5,360.25,370.25
150,296.25,362.75,372.75
