Exceed,20
Letter,13.5
1,21.5
2,23.25
3,25.5
4,27.5
5,29.5
6,31.75
7,33.75
8,35.75
9,37.75
10,39.5
11,41.25
12,43
13,45
14,46.75
15,48.5
16,50
17,51.5
18,53
19,54.5
20,55.75
21,57.25
22,58.5
23,59.75
24,61
25,62.5
26,64.25
27,65.75
28,67.25
29,68.75
30,70.5
31,72.25
32,73.75
33,75.5
34,77.25
35,79
36,80.75
37,82.5
38,84.25
39,86
40,87.75
41,89.5
42,91.25
43,92.75
44,94.25
45,96
46,97.75
47,99.5
48,101
49,102.5
50,104.25
51,106
52,107.75
53,109.5
54,111.5
55,113.25
56,115.25
57,117.5
58,119.5
59,121.75
60,123.75
61,126
62,128.25
63,130.75
64,133
65,135.25
66,137.5
67,139.75
68,142
69,144.25
70,146.75
71,149.25
72,151.75
73,154.25
74,156.75
75,159.25
76,161.5
77,163.75
78,166
79,168.25
80,170.5
81,172.75
82,175
83,177.25
84,179.25
85,181.5
86,183.75
87,185.75
88,188
89,190
90,192.25
91,194.25
92,196.5
93,198.5
94,200.75
95,203
96,205
97,207.25
98,209.25
99,211.5
100,213.5
101,215.75
102,218
103,220.25
104,222.25
105,224.25
106,226.5
107,228.75
108,230.75
109,232.75
110,235
111,237.25
112,239.25
113,241.5
114,243.5
115,245.5
116,247.5
117,249.75
118,251.75
119,253.75
120,256
121,258
122,260
123,262
124,264.25
125,266.5
126,268.5
127,270.5
128,272.75
129,274.75
130,276.75
131,279
132,281
133,283
134,285
135,287.25
136,289.25
137,291.5
138,293.75
139,295.75
140,297.75
141,299.75
142,302
143,304
144,306.25
145,308.5
146,310.5
147,312.5
148,314.75
149,317
150,319.25
