Exceed,2,3
1,3.11,3.3
2,3.21,3.43
3,3.31,3.57
4,3.42,3.7
5,3.55,3.85
6,3.67,3.99
7,3.79,4.13
8,3.93,4.28
9,4.06,4.42
10,4.21,4.57
11,4.35,4.71
12,4.51,4.86
13,4.66,5.01
14,4.81,5.17
15,4.96,5.33
16,5.1,5.5
17,5.25,5.66
18,5.4,5.84
19,5.56,6.02
20,5.71,6.22
21,5.87,6.41
22,6.02,6.61
23,6.18,6.8
24,6.34,7
25,6.51,7.2
26,6.67,7.4
27,6.84,7.6
28,7,7.79
29,7.17,7.99
30,7.32,8.19
31,7.49,8.38
32,7.65,8.58
33,7.81,8.77
34,7.98,8.97
35,8.14,9.17
36,8.31,9.36
37,8.47,9.56
38,8.64,9.75
39,8.8,9.96
40,8.97,10.16
41,9.12,10.35
42,9.29,10.55
43,9.45,10.74
44,9.62,10.94
45,9.78,11.13
46,9.95,11.33
47,10.11,11.53
48,10.28,11.73
49,10.44,11.93
50,10.6,12.12
51,10.76,12.32
52,10.93,12.52
53,11.09,12.71
54,11.26,12.91
55,11.42,13.1
56,11.59,13.3
57,11.75,13.5
58,11.92,13.69
59,12.08,13.89
60,12.25,14.08
61,12.4,14.28
62,12.57,14.49
63,12.73,14.68
64,12.9,14.88
65,13.06,15.07
66,13.23,15.27
67,13.39,15.47
68,13.56,15.66
69,13.72,15.87
70,13.89,16.07
71,15.95,18.14
72,18.01,20.2
73,20.07,22.26
74,22.14,24.32
75,24.2,26.38
76,25.23,27.41
77,26,28.19
78,26.52,28.7
79,27.03,29.22
80,27.55,29.73
81,28.01,30.2
82,28.48,30.66
83,28.89,31.13
84,29.3,31.59
85,29.71,32.05
86,30.12,32.47
87,30.51,32.88
88,30.89,33.28
89,31.26,33.68
90,31.62,34.07
91,31.97,34.47
92,32.31,34.86
93,32.64,35.25
94,32.97,35.63
95,33.3,36.02
96,33.63,36.4
97,33.96,36.79
98,34.29,37.17
99,34.62,37.55
100,34.95,37.94
101,35.28,38.32
102,35.61,38.7
103,35.94,39.09
104,36.27,39.47
105,36.6,39.85
106,36.93,40.24
107,37.26,40.62
108,37.59,41
109,37.92,41.38
110,38.25,41.77
111,38.58,42.16
112,38.91,42.54
113,39.24,42.92
114,39.57,43.3
115,39.9,43.68
116,40.23,44.08
117,40.56,44.46
118,40.89,44.84
119,41.22,45.22
120,41.55,45.6
121,41.88,45.98
122,42.21,46.37
123,42.54,46.76
124,42.87,47.14
125,43.2,47.52
126,43.53,47.9
127,43.86,48.29
128,44.19,48.67
129,44.52,49.05
130,44.85,49.44
131,45.18,49.82
132,45.51,50.21
133,45.84,50.6
134,46.17,50.99
135,46.5,51.39
136,46.83,51.78
137,47.16,52.17
138,47.49,52.56
139,47.83,52.95
140,48.17,53.34
141,48.51,53.74
142,48.85,54.13
143,49.19,54.52
144,49.53,54.91
145,49.87,55.3
146,50.21,55.69
147,50.55,56.09
148,50.89,56.48
149,51.23,56.87
150,51.57,57.26
