Exceed,2,3
1,4.26,4.45
2,4.36,4.58
3,4.46,4.72
4,4.57,4.85
5,4.7,5
6,4.82,5.14
7,4.94,5.28
8,5.08,5.43
9,5.21,5.57
10,5.36,5.72
11,5.5,5.86
12,5.66,6.01
13,5.81,6.16
14,5.96,6.32
15,6.11,6.48
16,6.25,6.65
17,6.4,6.81
18,6.55,6.99
19,6.71,7.17
20,6.86,7.37
21,7.02,7.56
22,7.17,7.76
23,7.33,7.95
24,7.49,8.15
25,7.66,8.35
26,7.82,8.55
27,7.99,8.75
28,8.15,8.94
29,8.32,9.14
30,8.47,9.34
31,8.64,9.53
32,8.8,9.73
33,8.96,9.92
34,9.13,10.12
35,9.29,10.32
36,9.46,10.51
37,9.62,10.71
38,9.79,10.9
39,9.95,11.11
40,10.12,11.31
41,10.27,11.5
42,10.44,11.7
43,10.6,11.89
44,10.77,12.09
45,10.93,12.28
46,11.1,12.48
47,11.26,12.68
48,11.43,12.88
49,11.59,13.08
50,11.75,13.27
51,11.91,13.47
52,12.08,13.67
53,12.24,13.86
54,12.41,14.06
55,12.57,14.25
56,12.74,14.45
57,12.9,14.65
58,13.07,14.84
59,13.23,15.04
60,13.4,15.23
61,13.55,15.43
62,13.72,15.64
63,13.88,15.83
64,14.05,16.03
65,14.21,16.22
66,14.38,16.42
67,14.54,16.62
68,14.71,16.81
69,14.87,17.02
70,15.04,17.22
71,17.1,19.29
72,19.16,21.35
73,21.22,23.41
74,23.29,25.47
75,25.35,27.53
76,26.38,28.56
77,27.15,29.34
78,27.67,29.85
79,28.18,30.37
80,28.7,30.88
81,29.16,31.35
82,29.63,31.81
83,30.04,32.28
84,30.45,32.74
85,30.86,33.2
86,31.27,33.62
87,31.66,34.03
88,32.04,34.43
89,32.41,34.83
90,32.77,35.22
91,33.12,35.62
92,33.46,36.01
93,33.79,36.4
94,34.12,36.78
95,34.45,37.17
96,34.78,37.55
97,35.11,37.94
98,35.44,38.32
99,35.77,38.7
100,36.1,39.09
101,36.43,39.47
102,36.76,39.85
103,37.09,40.24
104,37.42,40.62
105,37.75,41
106,38.08,41.39
107,38.41,41.77
108,38.74,42.15
109,39.07,42.53
110,39.4,42.92
111,39.73,43.31
112,40.06,43.69
113,40.39,44.07
114,40.72,44.45
115,41.05,44.83
116,41.38,45.23
117,41.71,45.61
118,42.04,45.99
119,42.37,46.37
120,42.7,46.75
121,43.03,47.13
122,43.36,47.52
123,43.69,47.91
124,44.02,48.29
125,44.35,48.67
126,44.68,49.05
127,45.01,49.44
128,45.34,49.82
129,45.67,50.2
130,46,50.59
131,46.33,50.97
132,46.66,51.36
133,46.99,51.75
134,47.32,52.14
135,47.65,52.54
136,47.98,52.93
137,48.31,53.32
138,48.64,53.71
139,48.98,54.1
140,49.32,54.49
141,49.66,54.89
142,50,55.28
143,50.34,55.67
144,50.68,56.06
145,51.02,56.45
146,51.36,56.84
147,51.7,57.24
148,52.04,57.63
149,52.38,58.02
150,52.72,58.41
