Exceed,51,52,53,54,55,56
1,8.4,8.45,8.55,13.55,13.65,13.75
2,9.1,9.15,9.35,14.35,14.45,14.6
3,9.75,9.85,10.15,15.25,15.35,15.45
4,10.45,10.55,10.85,16.05,16.15,16.25
5,11.15,11.25,11.6,16.85,16.95,17.1
6,11.85,11.9,12.4,17.55,17.65,18
7,12.5,12.55,13.25,18.3,18.4,18.85
8,13.1,13.15,14.1,19,19.15,19.8
9,13.7,13.85,14.9,19.75,19.9,20.75
10,14.35,14.5,15.65,20.5,20.7,21.7
11,14.9,15.2,16.4,21.25,21.55,22.65
12,15.5,15.9,17.15,22.05,22.4,23.65
13,16.05,16.55,17.95,22.8,23.25,24.65
14,16.6,17.2,18.7,23.65,24.15,25.7
15,17.25,17.95,19.5,24.5,25.05,26.75
16,17.9,18.6,20.25,25.35,26,27.75
17,18.6,19.25,21.05,26.25,26.9,28.75
18,19.3,19.95,21.8,27.15,27.85,29.7
19,19.95,20.65,22.5,28.1,28.8,30.7
20,20.6,21.35,23.25,29.05,29.75,31.7
21,21.2,22,24,30,30.65,32.65
22,21.85,22.65,24.8,30.95,31.55,33.65
23,22.5,23.35,25.55,31.85,32.5,34.65
24,23.15,24,26.35,32.75,33.45,35.6
25,23.85,24.7,27.15,33.7,34.4,36.6
26,24.5,25.3,27.9,34.65,35.3,37.55
27,25.15,25.95,28.65,35.55,36.2,38.5
28,25.75,26.55,29.4,36.4,37.15,39.5
29,26.35,27.15,30.1,37.3,38.1,40.5
30,26.95,27.8,30.85,38.2,39.05,41.5
31,27.55,28.45,31.55,39.05,40,42.5
32,28.1,29.1,32.3,39.95,40.9,43.5
33,28.7,29.8,33.05,40.85,41.85,44.55
34,29.3,30.45,33.8,41.65,42.8,45.6
35,29.95,31.15,34.6,42.5,43.75,46.65
36,30.55,31.8,35.4,43.35,44.6,47.75
37,31.15,32.5,36.2,44.2,45.5,48.85
38,31.75,33.2,36.95,45,46.4,49.9
39,32.35,33.85,37.65,45.75,47.3,50.95
40,33,34.55,38.4,46.55,48.25,52.05
41,33.55,35.25,39.05,47.35,49.15,53.15
42,34.15,35.9,39.7,48.1,50.05,54.25
43,34.7,36.5,40.4,48.9,51,55.35
44,35.25,37.1,41.05,49.65,51.95,56.45
45,35.85,37.75,41.75,50.45,52.9,57.5
46,36.4,38.35,42.45,51.2,53.85,58.55
47,36.95,38.95,43.1,52,54.8,59.65
48,37.55,39.6,43.8,52.8,55.7,60.75
49,38.15,40.25,44.45,53.55,56.6,61.85
50,38.75,40.9,45.15,54.35,57.55,62.95
52,39.95,41.9,46.3,55.5,59.35,64.75
54,41.1,42.8,47.45,56.6,61.05,66.55
56,42.15,43.7,48.55,57.75,62.7,68.35
58,43.05,44.5,49.65,58.9,64.35,70.15
60,43.9,45.2,50.75,60.05,66,71.95
62,44.7,45.9,51.75,61.2,67.65,73.75
64,45.5,46.55,52.8,62.35,69.3,75.55
66,46.2,47.25,53.8,63.5,70.9,77.35
68,46.9,47.9,54.8,64.65,72.5,79.15
70,47.65,48.5,55.85,65.8,74.1,80.95
72,48.35,49.75,57.05,66.95,75.7,83.45
74,49.05,50.95,58.25,68.35,77.35,85.9
76,49.75,52.15,59.45,69.75,79.1,88.3
78,50.45,53.35,60.65,71.25,80.85,90.6
80,51.1,54.55,61.8,72.85,82.65,92.9
82,51.7,55.75,62.95,74.55,84.5,95.2
84,52.3,56.95,64.1,76.35,86.35,97.5
86,52.9,58.15,65.3,78.1,88.25,99.75
88,53.5,59.35,66.5,79.85,90.25,102
90,54.15,60.55,67.7,81.65,92.25,104.25
92,54.75,61.75,68.9,83.45,94.25,106.5
94,55.4,62.95,70.1,85.25,96.25,108.75
96,56.05,64.15,71.3,87.05,98.25,111.05
98,56.7,65.35,72.5,88.85,100.25,113.35
100,57.35,66.55,73.7,90.65,102.25,115.65
105,60.35,70.15,78.9,95.15,107.55,121.4
110,62.65,73.75,84.05,99.65,112.85,127.15
115,64.85,77.35,88.75,104.15,118.15,132.9
120,66.9,80.95,93.1,108.65,123.45,138.65
125,68.85,84.45,97.25,113.15,128.75,144.4
130,70.65,87.05,100.9,117.65,134.05,150.15
135,72.45,89.65,104.55,122.65,139.35,155.9
140,74.25,92.25,108.2,127.65,144.65,161.65
145,76.05,94.85,111.85,132.65,149.85,167.35
150,77.85,97.45,115.45,137.65,154.85,173.1
151-199,0.49,0.65,0.77,0.91,1.03,1.16
