Exceed,2,3,4,5,6,7,8
1,4.85,4.97,5.21,5.29,5.5,5.55,5.66
2,4.93,5.14,5.53,5.64,5.97,6.07,6.36
3,5.04,5.31,5.76,5.94,6.27,6.43,6.89
4,5.16,5.49,5.99,6.22,6.56,6.73,7.25
5,5.32,5.64,6.2,6.45,6.8,7.02,7.61
6,5.44,5.75,6.31,6.63,6.98,7.26,7.84
7,5.6,5.87,6.43,6.81,7.2,7.49,8.13
8,5.75,6.02,6.56,6.94,7.39,7.78,8.59
9,5.9,6.16,6.68,7.08,7.55,8.13,9.06
10,6.05,6.28,6.79,7.24,7.8,8.6,9.59
11,6.2,6.41,6.9,7.4,8.08,9.12,10.17
12,6.35,6.58,7.01,7.56,8.38,9.64,10.82
13,6.51,6.74,7.13,7.7,8.72,10.16,11.45
14,6.62,6.91,7.23,7.84,9.12,10.68,12.08
15,6.75,7.09,7.33,7.99,9.53,11.2,12.71
16,6.82,7.24,7.47,8.18,9.91,11.69,13.31
17,6.9,7.43,7.66,8.46,10.34,12.19,13.93
18,7,7.63,7.87,8.81,10.76,12.69,14.57
19,7.13,7.84,8.11,9.15,11.19,13.19,15.21
20,7.26,8.05,8.34,9.51,11.62,13.69,15.85
21,7.39,8.26,8.57,9.86,12.05,14.18,16.48
22,7.53,8.46,8.82,10.18,12.48,14.67,17.11
23,7.68,8.67,9.06,10.49,12.9,15.16,17.74
24,7.83,8.86,9.31,10.78,13.33,15.67,18.38
25,7.98,9.05,9.55,11.07,13.76,16.18,19.01
26,8.14,9.24,9.8,11.37,14.19,16.64,19.62
27,8.29,9.41,10.04,11.66,14.62,17.11,20.23
28,8.44,9.59,10.3,11.97,15.04,17.58,20.85
29,8.59,9.78,10.55,12.28,15.47,18.1,21.47
30,8.75,9.97,10.81,12.6,15.9,18.62,22.1
31,8.9,10.15,11.06,12.91,16.32,19.14,22.73
32,9.04,10.35,11.31,13.23,16.74,19.66,23.36
33,9.19,10.54,11.57,13.55,17.15,20.19,23.99
34,9.33,10.74,11.82,13.86,17.57,20.71,24.62
35,9.47,10.95,12.07,14.18,17.99,21.23,25.25
36,9.61,11.14,12.31,14.49,18.4,21.75,25.87
37,9.76,11.34,12.56,14.81,18.78,22.27,26.48
38,9.89,11.53,12.8,15.13,19.17,22.79,27.09
39,10.02,11.73,13.05,15.44,19.56,23.31,27.68
40,10.14,11.94,13.29,15.76,19.95,23.83,28.27
41,10.27,12.14,13.54,16.07,20.33,24.35,28.86
42,10.39,12.33,13.78,16.39,20.7,24.87,29.45
43,10.52,12.53,14.02,16.71,21.07,25.38,30.04
44,10.65,12.72,14.24,17.02,21.41,25.89,30.64
45,10.74,12.91,14.46,17.34,21.76,26.4,31.23
46,10.84,13.1,14.68,17.64,22.07,26.85,31.78
47,10.93,13.27,14.89,17.93,22.37,27.31,32.33
48,11.02,13.43,15.1,18.21,22.67,27.77,32.84
49,11.11,13.59,15.3,18.5,22.95,28.2,33.3
50,11.2,13.72,15.49,18.76,23.24,28.63,33.73
51,11.29,13.84,15.68,19.01,23.5,29.04,34.14
52,11.39,13.96,15.86,19.25,23.77,29.38,34.55
53,11.48,14.08,16.03,19.49,24.03,29.69,34.89
54,11.57,14.19,16.21,19.71,24.3,29.93,35.2
55,11.66,14.3,16.37,19.94,24.56,30.14,35.47
56,11.75,14.42,16.53,20.16,24.83,30.3,35.7
57,11.84,14.55,16.69,20.37,25.09,30.46,35.93
58,11.94,14.66,16.83,20.58,25.34,30.62,36.17
59,12.03,14.77,16.97,20.76,25.56,30.79,36.4
60,12.13,14.88,17.11,20.9,25.78,30.95,36.64
61,12.22,14.98,17.25,21.04,25.99,31.12,36.87
62,12.31,15.09,17.37,21.17,26.17,31.3,37.11
63,12.41,15.19,17.49,21.3,26.33,31.47,37.34
64,12.5,15.29,17.6,21.43,26.5,31.64,37.57
65,12.59,15.39,17.71,21.57,26.66,31.82,37.81
66,12.68,15.49,17.83,21.7,26.82,31.99,38.04
67,12.77,15.59,17.94,21.83,26.99,32.16,38.28
68,12.85,15.7,18.05,21.96,27.14,32.34,38.51
69,12.94,15.8,18.16,22.1,27.29,32.51,38.75
70,13.02,15.9,18.27,22.23,27.45,32.68,38.98
71,18.2,20.31,22.46,24.72,29.59,34.35,40.39
72,22.63,24.63,26.54,27.65,31.63,36.1,41.55
73,26.37,28.25,30.03,30.56,33.64,37.86,42.42
74,28.94,30.93,32.66,33.47,35.57,39.32,43.2
75,30.34,32.33,34.4,35.22,37.38,40.48,43.87
76,31.74,33.48,35.26,36.33,38.89,41.35,44.45
77,32.95,34.54,36.03,37.26,40.08,41.94,44.93
78,33.97,35.53,36.73,38.04,40.95,42.47,45.4
79,34.8,36.51,37.38,38.68,41.55,43,45.87
80,35.48,37.5,37.95,39.18,42.02,43.46,46.34
81,36.1,38.02,38.48,39.65,42.49,43.93,46.8
82,36.68,38.54,38.99,40.12,42.95,44.4,47.26
83,37.21,39.04,39.49,40.59,43.42,44.87,47.71
84,37.68,39.54,39.99,41.06,43.89,45.34,48.17
85,38.15,40.02,40.47,41.53,44.36,45.81,48.63
86,38.61,40.49,40.95,41.99,44.83,46.28,49.09
87,39.08,40.96,41.43,42.45,45.3,46.75,49.55
88,39.55,41.43,41.9,42.9,45.77,47.21,50.02
89,40.02,41.9,42.36,43.36,46.24,47.68,50.49
90,40.49,42.36,42.83,43.82,46.7,48.15,50.95
91,40.96,42.83,43.29,44.29,47.16,48.62,51.42
92,41.43,43.3,43.74,44.76,47.62,49.09,51.89
93,41.9,43.77,44.19,45.23,48.08,49.56,52.36
94,42.35,44.24,44.63,45.7,48.54,50.02,52.83
95,42.81,44.69,45.05,46.16,49,50.48,53.3
96,43.27,45.1,45.48,46.63,49.46,50.93,53.77
97,43.73,45.51,45.91,47.1,49.91,51.39,54.24
98,44.19,45.92,46.34,47.56,50.37,51.85,54.7
99,44.65,46.33,46.77,48.02,50.83,52.31,55.17
100,45.1,46.74,47.19,48.47,51.29,52.77,55.64
101,45.51,47.14,47.61,48.88,51.75,53.23,56.1
102,45.92,47.55,48.03,49.28,52.21,53.68,56.56
103,46.33,47.96,48.45,49.69,52.66,54.14,57.02
104,46.74,48.37,48.87,50.1,53.09,54.6,57.48
105,47.14,48.77,49.28,50.51,53.52,55.06,57.93
106,47.55,49.18,49.7,50.9,53.95,55.52,58.39
107,47.96,49.59,50.12,51.3,54.38,55.98,58.85
108,48.36,50,50.54,51.7,54.81,56.44,59.31
109,48.75,50.4,50.95,52.1,55.23,56.89,59.77
110,49.15,50.81,51.37,52.49,55.66,57.35,60.23
111,49.55,51.22,51.79,52.89,56.09,57.8,60.68
112,49.95,51.63,52.21,53.29,56.52,58.25,61.12
113,50.34,52.03,52.63,53.68,56.95,58.7,61.57
114,50.74,52.44,53.04,54.08,57.37,59.15,62.02
115,51.14,52.85,53.46,54.48,57.8,59.6,62.47
116,51.53,53.26,53.88,54.88,58.23,60.04,62.92
117,51.93,53.66,54.3,55.27,58.66,60.49,63.37
118,52.33,54.07,54.71,55.67,59.09,60.94,63.81
119,52.73,54.48,55.13,56.07,59.51,61.4,64.26
120,53.12,54.89,55.55,56.47,59.94,61.86,64.71
121,53.52,55.29,55.97,56.86,60.37,62.32,65.17
122,53.92,55.7,56.39,57.26,60.8,62.77,65.63
123,54.32,56.11,56.8,57.66,61.23,63.23,66.09
124,54.71,56.52,57.22,58.06,61.65,63.69,66.54
125,55.11,56.93,57.64,58.45,62.08,64.15,67
126,55.51,57.33,58.06,58.85,62.52,64.61,67.46
127,55.91,57.74,58.47,59.25,62.96,65.07,67.92
128,56.3,58.15,58.89,59.65,63.4,65.53,68.38
129,56.7,58.56,59.31,60.04,63.83,65.98,68.84
130,57.1,58.96,59.73,60.44,64.27,66.44,69.3
131,57.5,59.37,60.15,60.84,64.71,66.9,69.75
132,57.89,59.78,60.56,61.24,65.15,67.36,70.21
133,58.29,60.19,60.98,61.63,65.59,67.82,70.67
134,58.69,60.59,61.4,62.03,66.02,68.28,71.13
135,59.09,61,61.82,62.43,66.46,68.74,71.59
136,59.48,61.41,62.23,62.83,66.9,69.19,72.05
137,59.88,61.82,62.65,63.22,67.34,69.65,72.51
138,60.28,62.22,63.07,63.62,67.78,70.11,72.96
139,60.68,62.63,63.49,64.02,68.22,70.57,73.42
140,61.07,63.04,63.91,64.41,68.65,71.03,73.88
141,61.47,63.45,64.32,64.81,69.09,71.49,74.34
142,61.87,63.85,64.74,65.21,69.53,71.95,74.8
143,62.26,64.26,65.16,65.61,69.97,72.4,75.26
144,62.66,64.67,65.58,66,70.41,72.86,75.72
145,63.06,65.08,65.99,66.4,70.84,73.32,76.17
146,63.46,65.48,66.41,66.8,71.28,73.78,76.63
147,63.85,65.89,66.83,67.2,71.72,74.24,77.09
148,64.25,66.3,67.25,67.59,72.16,74.7,77.55
149,64.65,66.71,67.67,67.99,72.6,75.16,78.01
150,65.05,67.12,68.08,68.39,73.04,75.61,78.47
