Exceed,14,16
Letter,9,15.8
1,10.1,21
2,11.7,22.6
3,13.2,24.1
4,14.8,25.7
5,16.5,27.4
6,18.4,29.2
7,20.2,31
8,22,32.8
9,23.8,34.6
10,25.6,36.4
11,27.4,38.1
12,29,39.7
13,30.5,41.2
14,31.9,42.5
15,33.2,43.7
16,34.5,45
17,35.7,46.2
18,36.8,47.3
19,37.8,48.3
20,38.8,49.3
21,39.8,50.3
22,41,51.5
23,42.1,52.6
24,43.2,53.7
25,44.5,55
26,45.7,56.2
27,47,57.5
28,48.3,58.8
29,49.7,60.2
30,51,61.5
31,52.3,62.8
32,53.6,64.1
33,54.9,65.4
34,56.2,66.7
35,57.5,68
36,58.8,69.3
37,60.1,70.5
38,61.4,71.8
39,62.7,73.1
40,64,74.4
41,65.2,75.6
42,66.3,76.7
43,67.3,77.7
44,68.4,78.8
45,69.6,80
46,70.9,81.3
47,72.2,82.6
48,73.5,83.9
49,74.9,85.2
50,76.1,86.4
51,77.3,87.6
52,78.3,88.6
53,79.3,89.6
54,80.3,90.6
55,81.4,91.7
56,82.5,92.8
57,83.6,93.9
58,84.6,94.9
59,85.6,95.9
60,86.8,97.1
61,88.2,98.5
62,89.4,99.7
63,90.7,101
64,91.8,102.1
65,92.8,103.1
66,93.8,104.1
67,95,105.3
68,96.3,106.6
69,97.6,107.9
70,98.9,109.2
71,100.2,110.5
72,101.5,111.8
73,102.7,113
74,103.8,114.1
75,104.9,115.3
76,106.1,116.5
77,107.3,117.7
78,108.6,119
79,109.9,120.3
80,111.2,121.7
81,112.5,123
82,113.8,124.3
83,115.1,125.6
84,116.3,126.8
85,117.6,128.1
86,118.9,129.4
87,120.2,130.7
88,121.6,132.1
89,122.9,133.4
90,124.4,134.9
91,126,136.5
92,127.4,137.9
93,128.6,139.1
94,129.9,140.4
95,131.1,141.6
96,132.4,142.9
97,133.5,144
98,134.6,145.1
99,135.9,146.4
100,137,147.5
101,138.3,148.8
102,139.6,150.1
103,140.9,151.4
104,142.1,152.6
105,143.4,153.9
106,144.6,155.1
107,145.9,156.4
108,147.2,157.7
109,148.7,159.2
110,150.3,160.8
111,151.7,162.2
112,153,163.5
113,154.3,164.8
114,155.6,166.1
115,156.9,167.4
116,158.4,168.9
117,159.9,170.4
118,161.2,171.7
119,162.4,172.9
120,163.6,174.1
121,164.9,175.4
122,166.4,176.9
123,167.7,178.2
124,169.2,179.7
125,170.5,181
126,171.7,182.2
127,173.1,183.6
128,174.6,185.1
129,175.9,186.4
130,177.2,187.7
131,178.5,189.1
132,180,190.6
133,181.3,191.9
134,182.8,193.4
135,184.4,195
136,185.8,196.4
137,187,197.6
138,188.3,198.9
139,189.6,200.2
140,191.1,201.7
141,192.6,203.2
142,193.9,204.5
143,195.1,205.6
144,196.4,206.9
145,197.7,208.2
146,199.2,209.7
147,200.6,211.1
148,202.1,212.6
149,203.6,214.1
150,205.1,215.6
