Exceed,18
Letter,10.6
1,11.4
2,13
3,14.8
4,16.6
5,18.6
6,20.6
7,22.7
8,24.8
9,26.8
10,28.7
11,30.7
12,32.5
13,34.2
14,35.7
15,37.2
16,38.5
17,39.8
18,41.1
19,42.3
20,43.5
21,44.8
22,46.1
23,47.3
24,48.5
25,49.8
26,51.1
27,52.6
28,54
29,55.5
30,57
31,58.4
32,59.9
33,61.3
34,62.8
35,64.3
36,65.6
37,67.1
38,68.5
39,70
40,71.5
41,72.8
42,74.1
43,75.3
44,76.5
45,77.8
46,79.3
47,80.7
48,82.2
49,83.8
50,85.2
51,86.4
52,87.6
53,88.8
54,89.9
55,91.1
56,92.3
57,93.5
58,94.7
59,95.9
60,97.2
61,98.7
62,100.1
63,101.5
64,102.7
65,103.9
66,105.1
67,106.3
68,107.7
69,109
70,110.5
71,112.1
72,113.6
73,115.1
74,116.4
75,117.6
76,118.8
77,120.1
78,121.6
79,123.1
80,124.5
81,125.8
82,127.3
83,128.8
84,130.1
85,131.6
86,133.1
87,134.6
88,136.2
89,137.7
90,139.3
91,140.9
92,142.5
93,144.1
94,145.5
95,146.8
96,148.1
97,149.6
98,150.9
99,152.2
100,153.5
101,154.8
102,156.3
103,157.6
104,159.1
105,160.6
106,161.9
107,163.4
108,164.9
109,166.4
110,168
111,169.8
112,171.4
113,172.9
114,174.2
115,175.7
116,177.2
117,178.9
118,180.4
119,181.7
120,183.2
121,184.7
122,186.2
123,187.7
124,189.3
125,190.8
126,192.3
127,193.8
128,195.4
129,196.9
130,198.4
131,199.9
132,201.4
133,202.9
134,204.5
135,206.3
136,207.9
137,209.4
138,210.7
139,212.2
140,213.8
141,215.5
142,217
143,218.5
144,220
145,221.5
146,223
147,224.5
148,226.2
149,228
150,229.7
