Exceed,2,3,4,5,6,7,8
1,6.25,6.31,6.36,6.41,6.46,6.51,6.56
2,6.67,6.72,6.77,6.82,6.87,6.92,6.98
3,7.54,7.65,7.8,7.85,7.9,7.95,8.06
4,8.42,8.57,8.78,8.88,8.93,8.99,9.14
5,9.35,9.55,9.76,9.97,10.02,10.07,10.22
6,10.33,10.58,10.79,11,11.1,11.2,11.36
7,11.36,11.67,11.82,12.03,12.18,12.28,12.49
8,12.44,12.75,12.85,13.11,13.26,13.42,13.63
9,13.52,13.78,13.93,14.19,14.35,14.55,14.76
10,14.55,14.81,14.97,15.27,15.48,15.64,15.89
11,15.53,15.79,16,16.31,16.56,16.67,16.98
12,16.51,16.72,17.03,17.29,17.59,17.65,18.06
13,17.44,17.59,18.06,18.32,18.57,18.63,19.09
14,18.32,18.47,19.09,19.35,19.55,19.6,20.12
15,19.19,19.35,20.12,20.33,20.58,20.64,21.15
16,20.02,20.28,21.1,21.31,21.67,21.72,22.23
17,20.84,21.2,22.03,22.29,22.8,22.85,23.32
18,21.72,22.13,22.9,23.26,23.94,24.04,24.4
19,22.59,23.06,23.73,24.24,25.02,25.28,25.48
20,23.42,23.99,24.55,25.22,26.05,26.46,26.56
21,24.19,24.91,25.43,26.2,27.08,27.6,27.65
22,24.91,25.79,26.31,27.13,28.11,28.68,28.73
23,25.64,26.62,27.18,28.06,29.14,29.71,29.81
24,26.36,27.39,28.01,28.94,30.17,30.69,30.89
25,27.13,28.11,28.83,29.76,31.15,31.62,31.93
26,27.9,28.83,29.61,30.59,32.13,32.54,32.96
27,28.68,29.55,30.33,31.41,33.11,33.47,33.94
28,29.5,30.28,31.1,32.23,34.09,34.4,34.92
29,30.28,31,31.87,33.06,35.02,35.33,35.89
30,31.1,31.77,32.65,33.88,35.95,36.26,36.82
31,31.87,32.6,33.42,34.71,36.87,37.18,37.75
32,32.6,33.42,34.19,35.48,37.75,38.06,38.63
33,33.32,34.19,34.97,36.2,38.58,38.88,39.45
34,33.99,34.92,35.74,36.87,39.35,39.66,40.22
35,34.61,35.59,36.51,37.6,40.07,40.38,41
36,35.17,36.2,37.24,38.27,40.74,41.15,41.77
37,35.74,36.77,38.01,38.94,41.36,41.93,42.49
38,36.36,37.34,38.73,39.61,41.93,42.7,43.16
39,36.93,37.96,39.45,40.28,42.49,43.47,43.83
40,37.49,38.58,40.17,40.9,43.06,44.25,44.5
41,38.06,39.19,40.84,41.57,43.63,45.02,45.17
42,38.63,39.81,41.51,42.24,44.19,45.79,45.9
43,39.19,40.43,42.18,42.91,44.76,46.57,46.67
44,39.76,41.05,42.85,43.58,45.33,47.34,47.44
45,40.33,41.67,43.52,44.25,45.9,48.11,48.27
46,40.9,42.24,44.14,44.92,46.46,48.89,49.09
47,41.46,42.8,44.76,45.53,47.08,49.66,49.92
48,42.08,43.37,45.38,46.1,47.7,50.43,50.74
49,42.7,43.94,46,46.67,48.32,51.21,51.57
50,43.27,44.5,46.62,47.24,48.89,51.98,52.39
51,43.83,45.02,47.24,47.85,49.45,52.7,53.22
52,44.35,45.59,47.85,48.47,50.02,53.42,53.99
53,44.86,46.15,48.47,49.09,50.64,54.14,54.76
54,45.33,46.72,49.09,49.76,51.31,54.87,55.54
55,45.79,47.29,49.71,50.48,51.98,55.59,56.31
56,46.26,47.85,50.33,51.21,52.6,56.26,57.08
57,46.77,48.42,50.95,51.93,53.32,56.93,57.8
58,47.29,48.99,51.57,52.6,54.09,57.6,58.47
59,47.75,49.5,52.13,53.22,54.87,58.27,59.14
60,48.27,50.02,52.7,53.83,55.59,58.89,59.81
61,48.73,50.48,53.22,54.4,56.31,59.5,60.43
62,49.25,50.95,53.73,54.92,56.98,60.07,61.05
63,49.71,51.41,54.19,55.38,57.6,60.64,61.62
64,50.17,51.88,54.66,55.84,58.22,61.15,62.13
65,50.64,52.34,55.07,56.31,58.78,61.67,62.65
66,51.05,52.75,55.48,56.77,59.3,62.19,63.16
67,51.46,53.22,55.84,57.29,59.87,62.7,63.68
68,51.82,53.63,56.21,57.86,60.38,63.16,64.2
69,52.18,54.09,56.51,58.42,60.84,63.63,64.71
70,52.55,54.56,56.82,58.99,61.31,64.09,65.23
71,52.91,54.97,57.08,59.5,61.77,64.5,65.74
72,53.27,55.38,57.34,60.02,62.24,64.87,66.21
73,53.63,55.79,57.6,60.54,62.7,65.23,66.67
74,53.99,56.21,57.91,61.05,63.16,65.59,67.08
75,54.35,56.62,58.22,61.52,63.63,65.95,67.49
76,54.71,57.03,58.58,61.98,64.09,66.31,67.86
77,55.12,57.44,58.94,62.44,64.56,66.67,68.22
78,55.54,57.91,59.35,62.91,65.02,67.08,68.58
79,56,58.42,59.76,63.32,65.48,67.49,68.99
80,56.46,58.99,60.23,63.78,65.9,67.91,69.4
81,56.98,59.56,60.69,64.25,66.36,68.32,69.87
82,57.49,60.12,61.21,64.66,66.82,68.73,70.33
83,58.06,60.69,61.72,65.12,67.29,69.14,70.85
84,58.63,61.26,62.29,65.59,67.75,69.56,71.36
85,59.14,61.77,62.86,66,68.17,70.02,71.93
86,59.66,62.29,63.42,66.46,68.63,70.48,72.5
87,60.17,62.75,63.99,66.93,69.09,71,73.06
88,60.69,63.27,64.56,67.39,69.56,71.52,73.58
89,61.21,63.78,65.12,67.86,70.02,72.03,74.09
90,61.72,64.3,65.69,68.32,70.48,72.55,74.61
91,62.24,64.81,66.26,68.78,70.95,73.06,75.12
92,62.75,65.33,66.82,69.3,71.41,73.58,75.64
93,63.27,65.85,67.39,69.87,71.88,74.09,76.16
94,63.78,66.36,67.96,70.48,72.39,74.56,76.67
95,64.3,66.88,68.53,71.15,72.91,75.07,77.19
96,64.81,67.39,69.09,71.77,73.42,75.54,77.7
97,65.33,67.91,69.66,72.34,73.94,76,78.22
98,65.85,68.42,70.23,72.96,74.45,76.46,78.68
99,66.36,68.94,70.79,73.53,74.97,76.93,79.2
100,66.88,69.4,71.36,74.04,75.43,77.39,79.71
101,67.39,69.87,71.88,74.51,75.9,77.8,80.23
102,67.91,70.33,72.39,74.97,76.36,78.27,80.69
103,68.42,70.79,72.91,75.38,76.83,78.68,81.21
104,68.94,71.26,73.42,75.85,77.29,79.15,81.72
105,69.45,71.72,73.94,76.26,77.75,79.56,82.19
106,69.97,72.19,74.45,76.72,78.22,80.02,82.7
107,70.48,72.65,74.97,77.19,78.68,80.49,83.17
108,71,73.11,75.49,77.7,79.15,80.9,83.68
109,71.52,73.58,76,78.17,79.61,81.36,84.2
110,72.03,74.04,76.52,78.68,80.07,81.77,84.66
111,72.55,74.51,77.03,79.2,80.54,82.24,85.18
112,73.06,74.97,77.55,79.66,81.05,82.65,85.64
113,73.58,75.43,78.06,80.12,81.57,83.11,86.16
114,74.09,75.9,78.58,80.59,82.08,83.58,86.67
115,74.61,76.36,79.09,81.05,82.6,84.04,87.19
116,75.12,76.88,79.61,81.52,83.11,84.51,87.65
117,75.64,77.39,80.12,81.93,83.63,85.02,88.17
118,76.16,77.91,80.64,82.39,84.15,85.49,88.63
119,76.67,78.42,81.16,82.86,84.61,86,89.15
120,77.19,78.94,81.67,83.32,85.07,86.52,89.66
121,77.7,79.45,82.19,83.78,85.54,87.03,90.18
122,78.22,79.97,82.7,84.3,86,87.5,90.64
123,78.73,80.49,83.22,84.76,86.41,87.96,91.16
124,79.25,81,83.73,85.28,86.88,88.48,91.67
125,79.76,81.52,84.25,85.8,87.34,88.94,92.14
126,80.28,82.03,84.76,86.31,87.86,89.46,92.65
127,80.79,82.55,85.28,86.77,88.32,89.92,93.17
128,81.31,83.06,85.8,87.24,88.79,90.38,93.68
129,81.83,83.58,86.31,87.65,89.3,90.9,94.15
130,82.34,84.09,86.83,88.11,89.82,91.36,94.66
131,82.86,84.61,87.34,88.58,90.33,91.83,95.18
132,83.37,85.12,87.86,88.99,90.85,92.34,95.69
133,83.89,85.64,88.37,89.46,91.36,92.81,96.16
134,84.4,86.16,88.89,89.92,91.88,93.27,96.67
135,84.92,86.67,89.4,90.38,92.39,93.73,97.19
136,85.43,87.19,89.92,90.85,92.91,94.25,97.65
137,85.95,87.7,90.43,91.36,93.42,94.71,98.17
138,86.47,88.22,90.95,91.88,93.94,95.23,98.68
139,86.98,88.73,91.47,92.34,94.46,95.74,99.2
140,87.5,89.25,91.98,92.86,94.97,96.26,99.71
141,88.01,89.76,92.5,93.37,95.49,96.78,100.18
142,88.53,90.28,93.01,93.84,96,97.29,100.69
143,89.04,90.8,93.53,94.3,96.52,97.81,101.21
144,89.56,91.31,94.04,94.76,97.03,98.37,101.72
145,90.07,91.83,94.56,95.23,97.55,98.89,102.19
146,90.59,92.34,95.07,95.69,98.06,99.46,102.7
147,91.1,92.86,95.59,96.16,98.58,99.97,103.22
148,91.62,93.37,96.11,96.62,99.1,100.49,103.73
149,92.14,93.89,96.62,97.08,99.61,101.05,104.25
150,92.65,94.4,97.14,97.55,100.13,101.57,104.77
