Exceed,2,3,4,5,6,7,8
1,5.1,5.16,5.21,5.26,5.31,5.36,5.41
2,5.52,5.57,5.62,5.67,5.72,5.77,5.83
3,6.39,6.5,6.65,6.7,6.75,6.8,6.91
4,7.27,7.42,7.63,7.73,7.78,7.84,7.99
5,8.2,8.4,8.61,8.82,8.87,8.92,9.07
6,9.18,9.43,9.64,9.85,9.95,10.05,10.21
7,10.21,10.52,10.67,10.88,11.03,11.13,11.34
8,11.29,11.6,11.7,11.96,12.11,12.27,12.48
9,12.37,12.63,12.78,13.04,13.2,13.4,13.61
10,13.4,13.66,13.82,14.12,14.33,14.49,14.74
11,14.38,14.64,14.85,15.16,15.41,15.52,15.83
12,15.36,15.57,15.88,16.14,16.44,16.5,16.91
13,16.29,16.44,16.91,17.17,17.42,17.48,17.94
14,17.17,17.32,17.94,18.2,18.4,18.45,18.97
15,18.04,18.2,18.97,19.18,19.43,19.49,20
16,18.87,19.13,19.95,20.16,20.52,20.57,21.08
17,19.69,20.05,20.88,21.14,21.65,21.7,22.17
18,20.57,20.98,21.75,22.11,22.79,22.89,23.25
19,21.44,21.91,22.58,23.09,23.87,24.13,24.33
20,22.27,22.84,23.4,24.07,24.9,25.31,25.41
21,23.04,23.76,24.28,25.05,25.93,26.45,26.5
22,23.76,24.64,25.16,25.98,26.96,27.53,27.58
23,24.49,25.47,26.03,26.91,27.99,28.56,28.66
24,25.21,26.24,26.86,27.79,29.02,29.54,29.74
25,25.98,26.96,27.68,28.61,30,30.47,30.78
26,26.75,27.68,28.46,29.44,30.98,31.39,31.81
27,27.53,28.4,29.18,30.26,31.96,32.32,32.79
28,28.35,29.13,29.95,31.08,32.94,33.25,33.77
29,29.13,29.85,30.72,31.91,33.87,34.18,34.74
30,29.95,30.62,31.5,32.73,34.8,35.11,35.67
31,30.72,31.45,32.27,33.56,35.72,36.03,36.6
32,31.45,32.27,33.04,34.33,36.6,36.91,37.48
33,32.17,33.04,33.82,35.05,37.43,37.73,38.3
34,32.84,33.77,34.59,35.72,38.2,38.51,39.07
35,33.46,34.44,35.36,36.45,38.92,39.23,39.85
36,34.02,35.05,36.09,37.12,39.59,40,40.62
37,34.59,35.62,36.86,37.79,40.21,40.78,41.34
38,35.21,36.19,37.58,38.46,40.78,41.55,42.01
39,35.78,36.81,38.3,39.13,41.34,42.32,42.68
40,36.34,37.43,39.02,39.75,41.91,43.1,43.35
41,36.91,38.04,39.69,40.42,42.48,43.87,44.02
42,37.48,38.66,40.36,41.09,43.04,44.64,44.75
43,38.04,39.28,41.03,41.76,43.61,45.42,45.52
44,38.61,39.9,41.7,42.43,44.18,46.19,46.29
45,39.18,40.52,42.37,43.1,44.75,46.96,47.12
46,39.75,41.09,42.99,43.77,45.31,47.74,47.94
47,40.31,41.65,43.61,44.38,45.93,48.51,48.77
48,40.93,42.22,44.23,44.95,46.55,49.28,49.59
49,41.55,42.79,44.85,45.52,47.17,50.06,50.42
50,42.12,43.35,45.47,46.09,47.74,50.83,51.24
51,42.68,43.87,46.09,46.7,48.3,51.55,52.07
52,43.2,44.44,46.7,47.32,48.87,52.27,52.84
53,43.71,45,47.32,47.94,49.49,52.99,53.61
54,44.18,45.57,47.94,48.61,50.16,53.72,54.39
55,44.64,46.14,48.56,49.33,50.83,54.44,55.16
56,45.11,46.7,49.18,50.06,51.45,55.11,55.93
57,45.62,47.27,49.8,50.78,52.17,55.78,56.65
58,46.14,47.84,50.42,51.45,52.94,56.45,57.32
59,46.6,48.35,50.98,52.07,53.72,57.12,57.99
60,47.12,48.87,51.55,52.68,54.44,57.74,58.66
61,47.58,49.33,52.07,53.25,55.16,58.35,59.28
62,48.1,49.8,52.58,53.77,55.83,58.92,59.9
63,48.56,50.26,53.04,54.23,56.45,59.49,60.47
64,49.02,50.73,53.51,54.69,57.07,60,60.98
65,49.49,51.19,53.92,55.16,57.63,60.52,61.5
66,49.9,51.6,54.33,55.62,58.15,61.04,62.01
67,50.31,52.07,54.69,56.14,58.72,61.55,62.53
68,50.67,52.48,55.06,56.71,59.23,62.01,63.05
69,51.03,52.94,55.36,57.27,59.69,62.48,63.56
70,51.4,53.41,55.67,57.84,60.16,62.94,64.08
71,51.76,53.82,55.93,58.35,60.62,63.35,64.59
72,52.12,54.23,56.19,58.87,61.09,63.72,65.06
73,52.48,54.64,56.45,59.39,61.55,64.08,65.52
74,52.84,55.06,56.76,59.9,62.01,64.44,65.93
75,53.2,55.47,57.07,60.37,62.48,64.8,66.34
76,53.56,55.88,57.43,60.83,62.94,65.16,66.71
77,53.97,56.29,57.79,61.29,63.41,65.52,67.07
78,54.39,56.76,58.2,61.76,63.87,65.93,67.43
79,54.85,57.27,58.61,62.17,64.33,66.34,67.84
80,55.31,57.84,59.08,62.63,64.75,66.76,68.25
81,55.83,58.41,59.54,63.1,65.21,67.17,68.72
82,56.34,58.97,60.06,63.51,65.67,67.58,69.18
83,56.91,59.54,60.57,63.97,66.14,67.99,69.7
84,57.48,60.11,61.14,64.44,66.6,68.41,70.21
85,57.99,60.62,61.71,64.85,67.02,68.87,70.78
86,58.51,61.14,62.27,65.31,67.48,69.33,71.35
87,59.02,61.6,62.84,65.78,67.94,69.85,71.91
88,59.54,62.12,63.41,66.24,68.41,70.37,72.43
89,60.06,62.63,63.97,66.71,68.87,70.88,72.94
90,60.57,63.15,64.54,67.17,69.33,71.4,73.46
91,61.09,63.66,65.11,67.63,69.8,71.91,73.97
92,61.6,64.18,65.67,68.15,70.26,72.43,74.49
93,62.12,64.7,66.24,68.72,70.73,72.94,75.01
94,62.63,65.21,66.81,69.33,71.24,73.41,75.52
95,63.15,65.73,67.38,70,71.76,73.92,76.04
96,63.66,66.24,67.94,70.62,72.27,74.39,76.55
97,64.18,66.76,68.51,71.19,72.79,74.85,77.07
98,64.7,67.27,69.08,71.81,73.3,75.31,77.53
99,65.21,67.79,69.64,72.38,73.82,75.78,78.05
100,65.73,68.25,70.21,72.89,74.28,76.24,78.56
101,66.24,68.72,70.73,73.36,74.75,76.65,79.08
102,66.76,69.18,71.24,73.82,75.21,77.12,79.54
103,67.27,69.64,71.76,74.23,75.68,77.53,80.06
104,67.79,70.11,72.27,74.7,76.14,78,80.57
105,68.3,70.57,72.79,75.11,76.6,78.41,81.04
106,68.82,71.04,73.3,75.57,77.07,78.87,81.55
107,69.33,71.5,73.82,76.04,77.53,79.34,82.02
108,69.85,71.96,74.34,76.55,78,79.75,82.53
109,70.37,72.43,74.85,77.02,78.46,80.21,83.05
110,70.88,72.89,75.37,77.53,78.92,80.62,83.51
111,71.4,73.36,75.88,78.05,79.39,81.09,84.03
112,71.91,73.82,76.4,78.51,79.9,81.5,84.49
113,72.43,74.28,76.91,78.97,80.42,81.96,85.01
114,72.94,74.75,77.43,79.44,80.93,82.43,85.52
115,73.46,75.21,77.94,79.9,81.45,82.89,86.04
116,73.97,75.73,78.46,80.37,81.96,83.36,86.5
117,74.49,76.24,78.97,80.78,82.48,83.87,87.02
118,75.01,76.76,79.49,81.24,83,84.34,87.48
119,75.52,77.27,80.01,81.71,83.46,84.85,88
120,76.04,77.79,80.52,82.17,83.92,85.37,88.51
121,76.55,78.3,81.04,82.63,84.39,85.88,89.03
122,77.07,78.82,81.55,83.15,84.85,86.35,89.49
123,77.58,79.34,82.07,83.61,85.26,86.81,90.01
124,78.1,79.85,82.58,84.13,85.73,87.33,90.52
125,78.61,80.37,83.1,84.65,86.19,87.79,90.99
126,79.13,80.88,83.61,85.16,86.71,88.31,91.5
127,79.64,81.4,84.13,85.62,87.17,88.77,92.02
128,80.16,81.91,84.65,86.09,87.64,89.23,92.53
129,80.68,82.43,85.16,86.5,88.15,89.75,93
130,81.19,82.94,85.68,86.96,88.67,90.21,93.51
131,81.71,83.46,86.19,87.43,89.18,90.68,94.03
132,82.22,83.97,86.71,87.84,89.7,91.19,94.54
133,82.74,84.49,87.22,88.31,90.21,91.66,95.01
134,83.25,85.01,87.74,88.77,90.73,92.12,95.52
135,83.77,85.52,88.25,89.23,91.24,92.58,96.04
136,84.28,86.04,88.77,89.7,91.76,93.1,96.5
137,84.8,86.55,89.28,90.21,92.27,93.56,97.02
138,85.32,87.07,89.8,90.73,92.79,94.08,97.53
139,85.83,87.58,90.32,91.19,93.31,94.59,98.05
140,86.35,88.1,90.83,91.71,93.82,95.11,98.56
141,86.86,88.61,91.35,92.22,94.34,95.63,99.03
142,87.38,89.13,91.86,92.69,94.85,96.14,99.54
143,87.89,89.65,92.38,93.15,95.37,96.66,100.06
144,88.41,90.16,92.89,93.61,95.88,97.22,100.57
145,88.92,90.68,93.41,94.08,96.4,97.74,101.04
146,89.44,91.19,93.92,94.54,96.91,98.31,101.55
147,89.95,91.71,94.44,95.01,97.43,98.82,102.07
148,90.47,92.22,94.96,95.47,97.95,99.34,102.58
149,90.99,92.74,95.47,95.93,98.46,99.9,103.1
150,91.5,93.25,95.99,96.4,98.98,100.42,103.62
