Exceed,12,22
Letter,6.7,6.7
1,7.25,7.25
2,8,8
3,8.75,8.75
4,9.25,9.25
5,10,10
6,10.25,10.25
7,10.5,10.5
8,10.75,10.75
9,11,11
10,11.25,11.25
11,11.5,11.5
12,12,12
13,12.25,12.25
14,12.5,12.5
15,12.75,12.75
16,13,13
17,13.25,13.25
18,13.5,13.5
19,13.75,13.75
20,14,14
21,14.5,14.5
22,14.75,14.75
23,15,15
24,15.5,15.5
25,15.75,15.75
26,16,16
27,16.25,16.25
28,16.5,16.5
29,16.75,16.75
30,17,17
31,17.5,17.5
32,17.75,17.75
33,18,18
34,18.25,18.25
35,18.75,18.75
36,19.25,19.25
37,19.5,19.5
38,19.75,19.75
39,20.25,20.25
40,20.75,20.75
41,21,21
42,21.25,21.25
43,21.5,21.5
44,21.75,21.75
45,22,22
46,22.25,22.25
47,22.5,22.5
48,22.75,22.75
49,23.25,23.25
50,23.75,23.75
51,24,24
52,24.5,24.5
53,24.75,24.75
54,25.25,25.25
55,25.75,25.75
56,26,26
57,26.25,26.25
58,26.5,26.5
59,26.75,26.75
60,27,27
61,27.25,27.25
62,27.5,27.5
63,27.75,27.75
64,28.25,28.25
65,28.75,28.75
66,29.25,29.25
67,29.75,29.75
68,30.5,30.5
69,31.25,31.25
70,32,32
71,33,33
72,33.75,33.75
73,34.25,34.25
74,34.75,34.75
75,35,35
76,35.25,35.25
77,35.5,35.5
78,35.75,35.75
79,36,36
80,36.5,36.5
81,37,37
82,37.5,37.5
83,37.75,37.75
84,38,38
85,38.25,38.25
86,38.5,38.5
87,39,39
88,39.25,39.25
89,39.5,39.5
90,39.75,39.75
91,40,40
92,40.5,40.5
93,40.75,40.75
94,41,41
95,41.25,41.25
96,41.5,41.5
97,41.75,41.75
98,42,42
99,42.25,42.25
100,42.5,42.5
101,42.75,42.75
102,43.25,43.25
103,43.5,43.5
104,44,44
105,44.5,44.5
106,45,45
107,45.25,45.25
108,45.5,45.5
109,45.75,45.75
110,46,46
111,46.25,46.25
112,46.5,46.5
113,46.75,46.75
114,47,47
115,47.25,47.25
116,47.75,47.75
117,48,48
118,48.25,48.25
119,48.5,48.5
120,49,49
121,49.25,49.25
122,49.75,49.75
123,50,50
124,50.25,50.25
125,50.5,50.5
126,50.75,50.75
127,51,51
128,51.5,51.5
129,51.75,51.75
130,52,52
131,52.25,52.25
132,52.5,52.5
133,53,53
134,53.25,53.25
135,53.5,53.5
136,54,54
137,54.25,54.25
138,54.5,54.5
139,55,55
140,55.25,55.25
141,55.5,55.5
142,55.75,55.75
143,56,56
144,56.5,56.5
145,56.75,56.75
146,57,57
147,57.25,57.25
148,57.5,57.5
149,57.75,57.75
150,58,58
