Exceed,1,2
1,3.15,4.55
2,3.24,4.66
3,3.32,4.77
4,3.39,4.89
5,3.46,4.99
6,3.54,5.08
7,3.6,5.17
8,3.66,5.24
9,3.71,5.3
10,3.76,5.35
11,3.81,5.4
12,3.87,5.44
13,3.92,5.48
14,3.96,5.53
15,4,5.57
16,4.04,5.61
17,4.08,5.65
18,4.12,5.69
19,4.17,5.73
20,4.21,5.77
21,4.25,5.81
22,4.29,5.86
23,4.33,5.9
24,4.38,5.94
25,4.42,5.98
26,4.46,6.02
27,4.51,6.06
28,4.55,6.1
29,4.59,6.14
30,4.63,6.19
31,4.68,6.23
32,4.72,6.27
33,4.76,6.31
34,4.8,6.35
35,4.86,6.39
36,4.9,6.43
37,4.94,6.47
38,4.99,6.52
39,5.03,6.56
40,5.07,6.61
41,5.12,6.67
42,5.18,6.74
43,5.24,6.83
44,5.31,6.92
45,5.38,7.02
46,5.46,7.13
47,5.55,7.25
48,5.64,7.37
49,5.74,7.51
50,5.85,7.64
51,5.95,7.77
52,6.05,7.92
53,6.17,8.06
54,6.28,8.2
55,6.39,8.33
56,6.51,8.46
57,6.61,8.61
58,6.72,8.75
59,6.84,8.9
60,6.94,9.05
61,7.05,9.2
62,7.17,9.34
63,7.27,9.5
64,7.38,9.64
65,7.49,9.78
66,7.6,9.94
67,7.71,10.08
68,7.81,10.24
69,7.93,10.39
70,8.04,10.55
71,12.78,15.19
72,15.88,18.9
73,18.97,21.99
74,22.06,25.08
75,23.09,26.63
76,23.87,27.4
77,24.59,27.92
78,25.26,28.43
79,25.88,28.95
80,26.45,29.47
81,26.96,29.98
82,27.48,30.45
83,27.99,30.91
84,28.51,31.32
85,29.02,31.73
86,29.49,32.1
87,29.9,32.46
88,30.26,32.82
89,30.62,33.18
90,30.98,33.54
91,31.34,33.9
92,31.7,34.26
93,32.06,34.62
94,32.42,34.98
95,32.79,35.34
96,33.15,35.7
97,33.46,36.06
98,33.77,36.43
99,34.07,36.79
100,34.38,37.15
101,34.69,37.51
102,35,37.87
103,35.31,38.23
104,35.62,38.59
105,35.93,38.95
106,36.24,39.31
107,36.55,39.67
108,36.86,40.03
109,37.17,40.39
110,37.48,40.76
111,37.79,41.12
112,38.1,41.48
113,38.4,41.84
114,38.71,42.2
115,39.02,42.56
116,39.33,42.92
117,39.64,43.28
118,39.95,43.64
119,40.26,44
120,40.57,44.36
121,40.93,44.72
122,41.29,45.09
123,41.65,45.45
124,42.01,45.81
125,42.37,46.17
126,42.73,46.53
127,43.1,46.89
128,43.46,47.25
129,43.82,47.61
130,44.18,47.97
131,44.54,48.33
132,44.9,48.69
133,45.26,49.05
134,45.62,49.42
135,45.98,49.78
136,46.34,50.14
137,46.7,50.5
138,47.07,50.86
139,47.43,51.22
140,47.79,51.58
141,48.15,51.94
142,48.51,52.3
143,48.87,52.66
144,49.23,53.02
145,49.59,53.39
146,49.95,53.75
147,50.31,54.11
148,50.67,54.47
149,51.03,54.83
150,51.4,55.19
