Exceed,1,2
1,4.3,5.7
2,4.39,5.81
3,4.47,5.92
4,4.54,6.04
5,4.61,6.14
6,4.69,6.23
7,4.75,6.32
8,4.81,6.39
9,4.86,6.45
10,4.91,6.5
11,4.96,6.55
12,5.02,6.59
13,5.07,6.63
14,5.11,6.68
15,5.15,6.72
16,5.19,6.76
17,5.23,6.8
18,5.27,6.84
19,5.32,6.88
20,5.36,6.92
21,5.4,6.96
22,5.44,7.01
23,5.48,7.05
24,5.53,7.09
25,5.57,7.13
26,5.61,7.17
27,5.66,7.21
28,5.7,7.25
29,5.74,7.29
30,5.78,7.34
31,5.83,7.38
32,5.87,7.42
33,5.91,7.46
34,5.95,7.5
35,6.01,7.54
36,6.05,7.58
37,6.09,7.62
38,6.14,7.67
39,6.18,7.71
40,6.22,7.76
41,6.27,7.82
42,6.33,7.89
43,6.39,7.98
44,6.46,8.07
45,6.53,8.17
46,6.61,8.28
47,6.7,8.4
48,6.79,8.52
49,6.89,8.66
50,7,8.79
51,7.1,8.92
52,7.2,9.07
53,7.32,9.21
54,7.43,9.35
55,7.54,9.48
56,7.66,9.61
57,7.76,9.76
58,7.87,9.9
59,7.99,10.05
60,8.09,10.2
61,8.2,10.35
62,8.32,10.49
63,8.42,10.65
64,8.53,10.79
65,8.64,10.93
66,8.75,11.09
67,8.86,11.23
68,8.96,11.39
69,9.08,11.54
70,9.19,11.7
71,13.93,16.34
72,17.03,20.05
73,20.12,23.14
74,23.21,26.23
75,24.24,27.78
76,25.02,28.55
77,25.74,29.07
78,26.41,29.58
79,27.03,30.1
80,27.6,30.62
81,28.11,31.13
82,28.63,31.6
83,29.14,32.06
84,29.66,32.47
85,30.17,32.88
86,30.64,33.25
87,31.05,33.61
88,31.41,33.97
89,31.77,34.33
90,32.13,34.69
91,32.49,35.05
92,32.85,35.41
93,33.21,35.77
94,33.57,36.13
95,33.94,36.49
96,34.3,36.85
97,34.61,37.21
98,34.92,37.58
99,35.22,37.94
100,35.53,38.3
101,35.84,38.66
102,36.15,39.02
103,36.46,39.38
104,36.77,39.74
105,37.08,40.1
106,37.39,40.46
107,37.7,40.82
108,38.01,41.18
109,38.32,41.54
110,38.63,41.91
111,38.94,42.27
112,39.25,42.63
113,39.55,42.99
114,39.86,43.35
115,40.17,43.71
116,40.48,44.07
117,40.79,44.43
118,41.1,44.79
119,41.41,45.15
120,41.72,45.51
121,42.08,45.87
122,42.44,46.24
123,42.8,46.6
124,43.16,46.96
125,43.52,47.32
126,43.88,47.68
127,44.25,48.04
128,44.61,48.4
129,44.97,48.76
130,45.33,49.12
131,45.69,49.48
132,46.05,49.84
133,46.41,50.2
134,46.77,50.57
135,47.13,50.93
136,47.49,51.29
137,47.85,51.65
138,48.22,52.01
139,48.58,52.37
140,48.94,52.73
141,49.3,53.09
142,49.66,53.45
143,50.02,53.81
144,50.38,54.17
145,50.74,54.54
146,51.1,54.9
147,51.46,55.26
148,51.82,55.62
149,52.18,55.98
150,52.55,56.34
