Exceed,81,82,80,84,900,901,902,903,904,905,906,907,908
Letter,23.5,24.25,24.75,24.75,24.5,31,31,35,36,36,46.5,72.25,76
1,38.75,40,39,39,35.25,45.75,46.25,55,52,52,59.75,86,86.5
2,43.5,45.25,45.75,45.75,43,54,53.25,63.5,59,59,75.25,101.5,102.25
3,47.75,50.25,52.5,52.5,49.25,63,61,72,67,67,90.75,117,118.75
4,51.75,55.25,59,59,56.75,71.75,68.25,80.5,75,75,106.25,132.5,134.75
5,54.75,59.5,65.5,65.5,64,80,75.5,88.5,83,83,121.75,148,150.75
6,57.75,63.5,71.5,71.5,71.75,87,81.75,96,91,91,137.25,163,166.75
7,60.75,67.25,77.5,77.5,78,91.75,87.5,103,99,99,152.75,177,181.5
8,63.75,70.75,83.25,83.25,84.25,96.25,93,109,107,107,166.75,191,196.25
9,66.25,74.25,88.5,88.5,89.5,100.75,98.5,115,115,115,180.75,204,209.25
10,68.75,77.75,93.5,93.5,94.25,105.25,103.75,120.5,123,123,194.5,216.75,222.25
11,71.25,81.25,98,98,99,109.75,109,125.75,130.5,130.5,208.25,229.5,235.25
12,74,84.5,102.25,102.25,103.75,114.25,114.25,131,138,138,221.5,242.25,247.75
13,77,87.75,105.75,105.75,108.25,118.75,119.5,136.25,145.5,145.5,234.5,255,260.25
14,80,91,109,109,112.75,123.25,124.75,141.25,153,153,246.75,267.75,272.75
15,83,94.25,112,112,117.25,127.75,130,146.25,160.5,160.5,259,280.5,285.25
16,86,98,115,115,122.75,132.25,135.25,151.5,167,167,271.25,293.75,297.75
17,89,101.75,118,118,127,136.75,140.5,156.75,173.25,173.25,282.25,307,310.25
18,92,105.5,120.75,120.75,131.25,141.25,145.75,162,179.25,179.25,292.25,320.25,322.75
19,95,109,123,123,135.5,145.75,151,167.25,185.25,185.25,302.25,333.25,335.25
20,98,112.25,125.25,125.25,139.75,150.25,156.25,172,191.25,191.25,312.25,346.25,347.75
21,101,115.25,127.5,127.5,144,154.75,161.5,176.75,197.25,197.25,321.75,358.75,360.25
22,103.75,118.25,129.75,129.75,148.25,159.25,166.75,181.5,203.25,203.25,331.25,370.75,372.75
23,106.5,121.25,132,132,152.5,163.75,172,186.25,209.25,209.25,340.75,382.75,385.25
24,109.25,124.25,134.25,134.25,156.75,168.25,176.75,190.75,215.25,215.25,350.25,394.75,397.75
25,112,127,137,137,161,172.25,181.5,195.25,221.25,221.25,359.75,406.75,410.25
26,114.75,129.75,139.5,139.5,165.5,176.25,186.25,199.75,227.25,227.25,369.25,418.25,422.75
27,117.5,132.25,142,142,169.5,180.25,191,204.25,233.25,233.25,378.75,429.75,435.25
28,120.25,134.75,144.5,144.5,173.75,184.25,196,208.75,239.25,239.25,388.25,441.25,446.75
29,122.75,137.25,147,147,178,188.25,201,213.25,245.25,245.25,396.5,452.75,458.25
30,125,139.75,149.5,149.5,182.25,192.25,206,217.75,251.25,251.25,404.75,464.25,469.75
31,127.25,142.25,152,152,186.75,196.25,211,222.5,257.25,257.25,413,475.75,481.25
32,129.5,144.75,154.5,154.5,191,200.25,216,227.25,263.25,263.25,421.25,487.25,492.75
33,131.75,147.25,157,157,195.25,204.25,221,232,269.25,269.25,429.5,498.25,504.25
34,134,149.75,159.5,159.5,199.5,208.25,226,236.75,275.25,275.25,437.5,509.25,515.75
35,136.25,152.25,162,162,203.75,212.25,231,241.25,281.25,281.25,445.5,520.25,527.25
36,138.75,154.75,164.25,164.25,207.75,216.25,236,245.75,287.25,287.25,453.5,530.5,538.75
37,141.25,157.25,166.5,166.5,212.25,220.25,241,250.25,293.25,293.25,461.5,540.75,550.25
38,143.75,159.5,168.75,168.75,216.5,224.25,246,254.75,299.25,299.25,469.5,551,561.75
39,146.25,161.75,171,171,220.75,228.25,251,259.25,305.25,305.25,477.5,561.25,573.25
40,148.75,164,173.25,173.25,225,232.25,256,263.75,311.25,311.25,485.5,570.25,584.75
41,151,166.25,175.5,175.5,229.25,236,261,268.5,317.25,317.25,493.5,579.25,596.25
42,153.25,168.5,177.75,177.75,233.5,239.75,266,273.25,323.25,323.25,501.5,588.25,607.75
43,155.5,170.5,180,180,238.25,243.5,271,278,329.25,329.25,509.5,597.25,619.25
44,157.75,172.75,182.25,182.25,242.75,247.25,276,282.75,335.25,335.25,517.5,606.25,630.25
45,160,175,184.75,184.75,247.75,251,281,287.5,341.25,341.25,525.5,615.25,641.25
46,162.25,177,187.25,187.25,252.75,255,286,292,347.25,347.25,533.5,624.25,652.25
47,164.5,179,189.75,189.75,257.75,259,291,296.5,353.25,353.25,541.5,633.25,663.25
48,166.75,181,192.25,192.25,263,263,296,301,359.25,359.25,549.5,642.25,674.25
49,169,183,194.75,194.75,268,267,301,305.5,365.25,365.25,557.5,651.25,685.25
50,171.25,185,197.25,197.25,272.75,271,306,310,371.25,371.25,565.5,660.25,696.25
52,175.25,188.75,201.5,201.5,282.75,279.5,315.25,320,383.5,383.5,581.5,678.25,716.75
54,179.25,192.5,205.75,205.75,292.25,288,324.5,330,395.75,395.75,597.5,696.25,737.25
56,183.25,196.25,210,210,301.75,296.5,333.75,340,408,408,613.5,714.25,757.75
58,187.25,200,214.25,214.25,311.5,305,343,350,420.25,420.25,629.5,732.25,778.25
60,191.25,203.75,218.5,218.5,321,313.5,352.25,360,432.5,432.5,645.5,750.25,798.75
62,195.25,207.5,222.75,222.75,330.5,322,361.5,369.75,444.75,444.75,661.5,768.25,819.25
64,199.25,211.25,226.75,226.75,340.25,330.5,370.75,379.5,457,457,677.5,786.25,839.75
66,203.25,215,230.75,230.75,349.75,339,380,389.25,469.25,469.25,693.5,804.25,860.25
68,207.25,218.75,234.75,234.75,359.25,347.5,389.25,399,481.5,481.5,709.5,822.25,880.75
70,211.25,222.5,238.75,238.75,368.75,356,398.5,408.75,493.75,493.75,725.5,840.25,901.25
72,215,226,242.75,242.75,378.75,364.5,407,418.5,506,506,741.5,858.25,923.25
74,218.75,229.5,246.25,246.25,388.25,373,415.5,428.25,518.25,518.25,757.5,876.25,945.25
76,222.5,233,249.5,249.5,397.5,381.5,424,438,530.5,530.5,772.5,894.25,966.75
78,226.25,236.5,252.75,252.75,407.5,390,432.5,447.75,542.75,542.75,787.5,912.25,988.25
80,230,240,256,256,417,398.5,441,457.5,555,555,802.5,930.25,1009.75
82,233.75,243.5,259,259,426.5,407,449.5,467.25,567.25,567.25,817.5,948.25,1030.75
84,237.5,247.25,262,262,436.75,415.5,458,477,579.5,579.5,829.5,966.25,1051.75
86,241,251,265,265,445.75,424,466.5,486.75,591.75,591.75,840.5,984.25,1072.75
88,244.5,254.75,268,268,455.25,432.5,475,496.5,604,604,851.5,1002.25,1093.75
90,248,258.5,271,271,465,441,483.5,506.25,616.25,616.25,862.5,1020.25,1114.75
92,251.25,262.25,274,274,474.5,449.5,492,516,628.5,628.5,873.5,1038.25,1135.75
94,254.5,266,277,277,484,458,500.5,525.75,640.25,640.25,884.5,1056.25,"1,156.75"
96,257.75,269.75,280.25,280.25,493.75,466.5,509,535.5,652,652,895.5,1074.25,"1,177.75"
98,261,273.5,283.5,283.5,503.5,475,517.5,545.25,663.75,663.75,906.5,1092.25,"1,198.75"
100,264.25,277.25,286.75,286.75,512.75,483.5,526,554.5,675.5,675.5,917.5,1110.25,"1,219.75"
105,275.75,290.75,300.75,300.75,539,507.5,551.25,580,706.5,706.5,949.5,1165.75,"1,279.75"
110,287.25,304.25,314.75,314.75,564.5,531.5,576.5,606,737.5,737.5,981.5,"1,221.25","1,339.75"
115,298.75,317.75,328.75,328.75,590.25,555.5,601.75,632,768.5,768.5,1013.5,"1,276.75","1,399.75"
120,310.25,331.25,342.75,342.75,615.75,579.5,627,658,799.5,799.5,1045.5,"1,332.25","1,459.75"
125,321.75,344.75,356.75,356.75,641.5,603.5,652.25,684,830.5,830.5,1077.5,"1,387.75","1,519.75"
130,333.25,358.25,370.75,370.75,666,626.5,677.5,710,861.5,861.5,1109.5,"1,443.25","1,579.75"
135,344.75,371.75,384.75,384.75,690.5,649.5,702.75,736,892.5,892.5,"1,142.50","1,498.75","1,639.75"
140,356.25,385.25,398.75,398.75,715,672.5,728,762,923.5,923.5,"1,175.50","1,554.25","1,699.75"
145,367.75,398.75,412.75,412.75,739.5,695.5,753.25,788,954.5,954.5,"1,208.50","1,609.75","1,759.75"
150,379.25,412.25,426.75,426.75,763.5,718.5,778.5,814,985.5,985.5,"1,241.50","1,665.25","1,819.75"
