Exceed,74,601,602,603,604,605,606,607,608,609,610
1,36,41,41,48,48,41.25,41,49.5,47.25,51.25,51.5
2,42.25,49,49.25,54.5,55.5,49.25,49,57,55,65.5,66
3,48.5,56.75,57.25,62.5,63,57.25,57,64.5,62.5,79.75,80.5
4,54.5,64.5,64.75,70.25,70.5,65,64.75,72,70,94,94.25
5,60.5,72,72.25,77.75,78,72.5,72.25,79.5,77.25,108.25,108
6,66.5,78.5,79,85.25,85.5,79.5,78.75,86.5,84.75,122.25,121.75
7,72,83.5,84.25,92.75,93,84.75,84.25,93,92.25,135.25,135.5
8,77,88.5,88.75,99.75,100.5,89.25,88.75,99.5,99.75,147.25,147.5
9,81.75,93,93.25,106.25,108,93.75,93,105.5,107.25,158.25,158.5
10,86.5,97.25,97.5,111.75,115.5,98.25,97.25,111.5,114.5,168.25,169.5
11,91.25,101.5,101.75,117,122.75,102.75,101.25,117,121.5,178.75,180
12,96,105.75,106,122.25,130,107,105.25,122,128.5,188.75,190
13,100.5,110,110.25,127.5,137,111.25,109.25,126.5,135.25,198.75,199.5
14,105,114.25,114.5,132.5,144,115.5,113.25,131,142,208.75,209
15,109.25,118.5,118.75,137.5,151,119.75,117.25,135.5,148.75,218.75,218.5
16,112.5,122.75,123,142.5,157,124,121.75,140,155,228.75,228
17,115.5,127,127.25,147.5,163,128.25,126.25,144.5,161.25,238.75,237.25
18,118,131.25,131.5,152.5,168.5,132.5,130.75,149,167.5,248.75,246.5
19,120,135.5,135.75,157,174,136.75,135.25,153.5,173.75,258.75,255.75
20,121.75,139.5,140,161.25,179.5,141,139.75,158,179.75,268.75,265
21,123.5,143.5,144,165.25,184.75,145,144.25,162.5,185.25,277.75,274
22,125.25,147.25,147.75,169.25,190,149,148.5,167,190.5,286.75,283
23,127,151,151.5,173.25,195.25,152.75,152.5,171.5,195.75,295.25,291.5
24,128.75,154.75,155.25,177.25,200.5,156.5,156.25,175.75,200.75,303.75,300
25,130.5,158.5,159,181.25,205.75,160.25,160,180,205.75,312.25,308.5
26,132.25,162,162.5,185.25,211,163.75,163.5,184,210.75,320.25,316.5
27,134,165.5,166,189,216.25,167.25,166.75,187.75,215.75,328.25,324.5
28,135.75,169,169.5,192.75,221.25,170.75,170,191.5,220.75,335.25,332
29,137.5,172.5,173,196.5,226.25,174.25,173.25,195.25,225.25,342.25,339.5
30,139.25,176,176.5,200.25,231.25,177.75,176.5,199,229.75,349.25,347
31,141,179.25,180,204,235.75,181,179.75,202.75,234.25,355.75,354
32,142.75,182.5,183.5,207.5,240.25,184.25,183,206.5,238.75,362.25,361
33,144.5,185.5,186.75,211,244.5,187.5,186.25,210.25,243.25,368.75,368
34,146.25,188.5,190,214.5,248.5,190.75,189.5,214,247.5,375.25,375
35,148,191.5,193.25,218,252.5,194,192.75,217.75,251.5,381.75,382
36,149.75,194.5,196.5,221.5,256.5,197.25,196,221.5,255.5,388.25,389
37,151.5,197.5,199.75,225,260.5,200.5,199.25,225.25,259.25,394.75,396
38,153.25,200.5,203,228.5,264.5,203.75,202.5,229,263,401.25,403
39,155,203.5,206,232,268.5,207,205.75,232.75,266.75,407.75,410
40,156.75,206.5,209,235.5,272.5,210.25,209,236.5,270.25,414.25,417
41,158.5,209.25,212,239,276.25,213.25,212,240.25,273.75,420.75,424
42,160.25,212,215,242.5,280,216.25,215,244,277,427.25,431
43,162,214.5,218,246,283.75,219.25,218,247.75,280.25,433.75,438
44,163.75,217,221,249.5,287.5,222.25,221,251.5,283.5,440.25,445
45,165.5,219.5,224,253,291.25,225.25,224,255.25,286.75,446.75,452
46,167,221.75,227,256.5,295,228.25,227,259,290,453.25,459
47,168.5,224,230,260,298.75,231.25,230,262.5,293.25,459.75,466
48,170,226.25,233,263.5,302.25,234.25,233,266,296.5,466.25,473
49,171.5,228.5,236,267,305.75,237.25,236,269.5,299.75,472.75,480
50,173,230.75,239,270.5,309.25,240.25,239,273,303,479.25,487
52,176,234.5,244.5,274.25,315.75,245.75,244.5,280,309,487.75,496
54,179,238.25,250,278,322.25,251.25,250,287,315,496.25,505
56,181.75,242,255.5,281.5,328.75,256.75,255.25,293.5,321,504.75,513.5
58,184.5,245.75,261,285,335.25,262.25,260.5,300,327,513.25,522
60,187.25,249.5,266.5,288.5,341.75,267.75,265.75,306.5,333,521.75,530.5
62,190,253,272,291.5,348.25,273,271,312.5,339,530.25,538.5
64,192.75,256.5,277.5,294.5,354.75,278.25,276.25,318.5,345,538.75,546.5
66,195.5,260,283,297.5,361.25,283.5,281.5,324.5,351,546.75,553.5
68,198.25,263.5,288.5,300.5,367.75,288.75,286.75,330.5,357,554.75,560.5
70,201,267,294,303.5,374.25,294,292,336.5,363,562.75,567.5
72,203.75,269.75,299.5,306.25,380.75,299.25,297.25,340.5,369,568.75,571.5
74,206.5,272.5,305,308.75,387.25,304.5,302.5,344.5,375,573.75,575.5
76,209.25,274.75,310.5,311,393.75,309.75,307.5,348.25,381,577.75,579.5
78,212,277,316,313.25,400.25,315,312,351.75,387,581.75,583.5
80,214.75,279.25,321.5,315.5,406.75,320.25,316,355.25,393,585.75,587.5
82,217.5,281.5,326.75,317.75,413.25,325.5,319.5,358.5,399,589.75,591.5
84,220.25,283.75,332,320,419.75,330.75,323,361.75,405,593.75,595.5
86,223,286,337,322,426.25,336,326,364.75,411,597.75,599.5
88,225.75,288.25,342,324,432.75,341.25,329,367.75,417,601.75,603.5
90,228.5,290.5,347,326,439.25,346.5,332,370.75,423,605.75,607.5
92,231.25,292.75,352,328,445.5,351.75,335,373.75,429,609.5,611.5
94,234,295,357,330,451.75,357,338,376.75,435,613.25,615.5
96,236.75,297,362,332,458,362.25,341,379.75,441,617,619.5
98,239.5,299,367,334,464.25,367.5,344,382.75,447,620.75,623.5
100,242,301,372,336,470.5,372.75,347,385.75,453,624.5,627.5
105,252.5,308.5,384.5,345,485.5,382.25,356.5,396.25,467,640.5,647.5
110,263,316,397,354,500.5,391.75,366,406.75,481,656.5,667.5
115,273.5,323.5,409.5,363,515.5,401.25,375.5,417.25,495,672.5,687.5
120,284,331,422,372,530.5,410.75,385,427.75,509,688.5,707.5
125,294.5,338.5,434.5,381,545.5,420.25,394.5,438.25,523,704.5,727.5
130,305,345.5,447,389,560.5,429.75,404,448.75,537,720.5,747.5
135,315.5,352.5,459.5,397,575.5,439.25,413.5,459.25,551,736.5,767.5
140,326,359.5,472,405,590.5,448.75,423,469.75,565,752.5,787.5
145,336.5,366.5,484.5,413,605.5,458.25,432.5,480.25,579,768.5,807.5
150,347,373.5,497,421,620.5,467.75,442,490.75,593,784.5,827.5
151 to 174,2.31,2.49,3.31,2.81,4.14,3.12,2.95,3.27,3.95,5.23,5.52
