Exceed,102,103,104,105,106,107,108,124
Letter,41.25,43,44,44.5,45.25,45.75,46.25,46.5
1,43.25,46.75,50,51.75,53.75,55.25,55.75,57.25
2,44.25,48,52.5,54.75,57,58,58.5,60.5
3,45.75,49,55.25,57.25,60.25,61,61.75,63.5
4,46.75,50,58,60,63,63.75,64.75,66.5
5,47.75,51,60.5,62.5,65.75,66,67.75,69.5
6,48.5,52.25,62.5,65.25,68.75,69.25,70.75,72.5
7,49.25,53.75,64.75,68,71.75,72.25,73.75,75.25
8,50,55.25,67,70.5,74.75,75.5,76.5,77.75
9,50.75,56.75,69.5,73.25,77.75,78.75,79.5,80.25
10,51.5,57.75,72,75.75,80.5,81.5,82.75,83
11,52.25,59,74.25,78.25,83,84.5,85.5,85.75
12,53,60,76.5,80.75,85.5,87.5,88.5,88.75
13,53.75,61.25,78.75,83,88,91,91.25,91.75
14,54.5,62.25,81,85.25,90.5,94.25,94.5,95
15,55.25,63.75,83.25,87.75,92.75,96.5,96.75,97.75
16,56.25,64.75,84.5,89.25,94.25,97,98.25,99.75
17,57,65.75,86,91,96,97.75,100,101.75
18,57.75,66.5,87.5,92.75,97.5,99.25,102,103.75
19,58.5,67.25,89,94.25,99,100.75,104,105.75
20,59.25,68,90.5,96,100.75,102.5,106,107.5
21,60,68.75,92.25,97.75,102.75,104.25,108,109.5
22,60.75,69.5,94,99.5,104.5,106,109.75,111.25
23,61.5,70.5,95.75,101,106.25,107.75,111.5,113
24,62.25,71.5,97.5,102.75,108,109.5,113.25,114.75
25,63,72.5,99,104.5,109.75,111.25,115,116.5
26,64,73.75,101,106.5,111.5,113.25,116.75,118.25
27,64.75,74.5,102.75,108.5,113.25,115.5,118.5,119.75
28,65.5,75.25,104.5,110.25,115,117.25,120.25,121.5
29,66.25,76.25,106.25,112.25,117.25,119,122,123.5
30,67.25,77,108,114.25,119.5,120.75,124,125.5
31,68.25,78,110,116.5,121.5,123,126.25,127.75
32,69,79,111.75,118.5,123.5,125.25,128.5,129.75
33,70,80.25,113.5,120.5,125.75,127.25,130.5,131.75
34,71,81.75,115.25,122.5,127.75,129.5,132.75,133.75
35,71.75,82.75,117,124.75,129.75,131.75,135,136
36,72.5,83.75,119,126.75,132,134.25,137.5,138.5
37,73.25,84.5,120.75,128.75,134,136.5,139.75,140.75
38,74,85.25,122.5,130.75,136,138.75,142,143
39,74.75,86.25,124.25,132.75,138,141,144.25,145.25
40,75.5,87.25,126.25,135,140,143.25,146.5,147.5
41,76.25,88.25,128,137,142.25,145.25,148.75,150
42,77,89.25,129.75,138.75,144.5,147.25,151,152.25
43,77.75,90.25,131.75,140.5,146.5,149.25,153.25,154.5
44,78.75,91.25,134,142.5,148.5,151.5,155.75,156.75
45,79.75,92.25,135.75,144.25,150.5,153.5,158.25,159
46,80.75,93.5,137.5,146,152.75,155.75,160.25,161.5
47,81.75,95,139.25,148,155,157.75,162.5,163.5
48,82.5,96.25,141,149.75,157.25,160,164.75,165.5
49,83.25,97.5,142.75,151.5,159.5,162.25,166.75,167.75
50,84.25,98.75,144.5,153.25,161.5,164.5,169,170.25
51,85.25,100.25,146.25,155,163.75,167,171.5,172.75
52,86.25,102,148,157,166,169.25,174.25,175.25
53,87.25,103.5,149.75,158.75,168,171.5,176.75,177.75
54,88.25,105,151.75,160.5,170.25,173.75,179.5,180.25
55,89.25,106.5,153.5,162.25,172.5,176.25,182,182.75
56,90.25,108.25,155.5,164,174.75,178.75,184.5,185.25
57,91.5,109.75,157.5,166,177.25,181.25,187,188
58,92.75,111.25,159.5,168,179.5,183.75,189.75,190.75
59,93.75,112.75,161.5,170,181.75,186.25,192.75,193.75
60,95,114.25,163.5,172.25,184,188.75,195.75,196.5
61,96.25,115.75,165.5,174.75,186.5,191.5,198.5,199.25
62,97.75,117.25,167.5,177.5,189,194.5,201.5,202.75
63,99,119,169.75,180,191.5,197.25,204.75,206
64,100.25,120.75,171.75,182.75,194.25,200,207.75,209
65,101.5,122.5,173.75,185.25,197,203,210.75,212
66,102.75,124,176,188,199.5,206,214,215.25
67,104,125.75,178.5,190.5,202,209,217,218.25
68,105.5,127.75,180.75,193,204.75,212,220,221.25
69,107,129.5,183,195.75,207.5,215.25,223,224.25
70,108.5,131.5,185.25,198.25,210.25,218.5,226.25,227.5
71,109.75,133.75,187.75,200.25,213,221.5,229,231
72,111,135.25,190.25,203,215.75,224.5,232,234.25
73,112.5,136.75,192.5,205.5,218.5,227.25,235,237.25
74,114,138.5,195,208.25,221.5,230.25,237.75,240.25
75,115.25,140.5,197.5,210.75,224.25,233.25,240.75,243.25
76,116.75,142.75,200,213.5,227,236.25,243.75,246.25
77,118.25,144.75,202.5,216,229.75,239.25,246.75,249.25
78,119.75,146.75,205,218.5,232.5,242,249.75,252.25
79,121.25,148.75,207.75,221,235.25,244.75,253,255.25
80,122.75,151,210.25,223.75,238,247.5,256,258.25
81,124.25,153,212.75,226.5,241.25,250.25,259.25,261.25
82,125.75,155,215.25,229,244.25,253,262.25,264.25
83,127.25,157,218,231.5,247,255.5,265.25,267.25
84,128.75,159,220.75,234,249.75,258,268.25,270.25
85,130,161.25,223.25,236.75,252.5,261,271.25,273
86,131.25,163.25,226,239.5,255.25,263.75,274.25,275.75
87,132.5,165.5,228.5,242,257.75,266.75,277.25,278.5
88,133.75,167.5,231,244.5,260.5,269.5,280.25,281.25
89,135,169.5,233.5,247,263.25,272.5,283.25,284.25
90,136.25,171.5,236.25,249.5,266,275.75,286,287
91,137.75,173.5,239,252.25,268.75,278.75,289,290
92,139.25,175.25,241.25,254.75,271.5,281.5,292,293
93,140.5,176.75,243.75,257.25,274.25,284.25,295,296
94,141.75,178.75,246.25,259.5,277,287,298,299
95,143.25,180.75,248.75,261.75,279.75,289.75,300.75,302
96,144.5,182.5,251,264,282.5,292.75,303.75,304.75
97,145.75,184.25,253.25,266.5,285.25,295.5,306.75,307.75
98,147,186,255.25,268.75,287.75,298,309.75,310.75
99,148.25,187.75,257.25,271,290.5,300.75,312.5,313.75
100,149.5,189.5,259.25,273.25,293.25,303.25,315.25,316.75
101,150.75,191.25,261.25,275.75,295.75,306,318,319.5
102,152,192.75,263.5,278,298.25,308.75,320.75,322
103,153.25,194.5,265.75,280.25,301,311.5,323.5,324.75
104,154.5,196,268,282.75,303.75,314,326.25,327.5
105,155.75,197.5,270.25,285,306.5,316.5,329,330.5
106,157.25,199.25,272.5,287.5,309,319.25,331.75,333.75
107,158.75,201,274.75,290,311.25,321.75,334.5,336.75
108,160,202.75,277,292.5,313.75,324.5,337.25,339.5
109,161.25,204.5,279.25,295,316.5,327.25,340,342.25
110,162.5,206.25,281.5,297.5,319,330,342.75,345
111,163.75,208,283.75,300,321.75,333,345.5,347.75
112,165,209.75,286,302.5,324.5,336,348.25,350.5
113,166.25,211.5,288.25,305,327.25,339,351,353.25
114,167.5,213.25,290.5,307.5,330,341.75,353.75,356
115,168.75,214.75,292.75,310,332.75,344.5,356.75,358.75
116,170,216,295,312.5,335.25,347,359.5,361.5
117,171.25,217.75,297.25,314.75,337.75,349.5,362.25,364.25
118,172.75,219.5,299.5,317,340.25,352,365,367
119,174.25,221.25,301.75,319.25,342.75,354.5,367.75,370
120,175.5,223,304,321.5,345.25,357.25,370.5,372.75
121,176.5,224.75,306.5,324,347.75,360,373.5,375.5
122,177.5,226.25,309.25,326.25,350.5,362.75,376.5,378.25
123,178.75,227.75,311.5,328.5,353.25,365.75,379.5,381.25
124,180,229.25,313.75,330.75,356,368.5,382.25,384
125,181.25,231,316,333.25,358.75,371.25,385,386.75
126,182.5,232.75,318.25,335.25,361.25,374.25,387.75,389.75
127,183.5,234.5,320.5,337.75,363.75,377.25,390.75,393
128,184.5,236.25,322.75,340.25,366.25,380,393.5,396.25
129,185.75,238,325,343,368.75,382.75,396.5,399.25
130,187,239.75,327.5,345.5,371.25,385.5,399.5,402
131,188.25,241.5,329.75,348.25,373.75,388.25,402.5,404.75
132,189.5,243.25,332,350.75,376.25,391,405.5,407.5
133,190.75,245,334.25,353.25,378.75,394,408.5,410.25
134,191.75,246.75,336.75,355.75,381.25,396.75,411.5,413
135,192.75,248.25,339,358.25,384,399.5,414.5,415.75
136,193.75,249.75,341.25,360.5,386.5,402.5,417.5,418.5
137,194.75,251.25,343.75,362.75,389,405.5,420.5,421.25
138,195.5,252.75,346,365,391.75,408.5,423.5,424.5
139,196.25,254,348.25,367.5,394.5,411.5,426.5,427.5
140,197,255,350.5,369.75,397.25,414.5,429.5,430.5
141,197.75,256.25,353,372.25,400,417.25,432.5,433.5
142,198.5,257.75,355.25,374.5,403.25,420,435.5,436.5
143,199.25,259,357,376.75,406.25,423,438.5,439.75
144,200,260.25,358.75,379,409,425.75,441.5,442.5
145,200.75,261.5,360.5,381.5,411.75,428.25,444.5,445.5
146,201.5,262.5,362.25,383.75,414.25,431,447.5,448.5
147,202.25,263.5,364,386,416.75,434,450.25,451.5
148,203,264.5,366,388.25,419.25,436.75,453,454.5
149,203.75,265.5,368,390.5,422,439.5,455.75,457.25
150,204.5,266.5,370,392.75,424.75,442.25,458.75,460
Multiplier,1.19,1.6,2.29,2.44,2.66,2.77,2.88,2.89
