Exceed,102,103,104,105,106,107,108,124,125,126
Letter,12.75,14.75,16.00,16.50,17.25,18.00,18.50,18.75,18.75,25.25 
1,14.75,18.75,22.00,24.00,26.25,27.75,28.25,29.75,29.75,42.25 
2,15.75,20.00,24.75,27.00,29.50,30.50,31.25,33.00,33.00,45.50 
3,17.25,21.00,27.50,29.75,32.75,33.75,34.50,36.00,36.00,48.75 
4,18.25,22.00,30.25,32.50,35.75,36.50,37.50,39.00,39.00,52.00 
5,19.25,23.25,33.00,35.25,38.75,39.00,40.50,42.00,42.00,55.25 
6,20.00,24.50,35.00,38.00,41.75,42.25,44.00,44.75,44.75,58.00 
7,20.75,26.00,37.25,40.75,44.75,45.50,47.00,47.75,47.75,60.75 
8,21.50,27.50,39.50,43.25,48.00,48.75,49.75,50.25,50.25,63.50 
9,22.25,29.00,42.00,46.00,51.00,52.00,52.75,53.50,53.50,66.50 
10,23.00,30.25,44.75,48.75,54.00,55.00,56.00,56.25,56.25,69.25 
11,23.75,31.25,47.00,51.25,56.75,58.00,59.00,59.25,59.25,72.00 
12,24.50,32.25,49.25,53.75,59.25,61.25,62.25,62.50,62.50,74.50 
13,25.25,33.50,51.50,56.25,61.75,64.75,65.25,65.75,65.75,77.00 
14,26.00,34.50,53.75,59.00,64.25,68.00,68.25,68.75,68.75,79.50 
15,26.75,36.00,56.25,61.50,66.50,70.50,71.00,71.50,71.50,82.00 
16,27.75,37.25,57.50,63.25,68.25,71.25,72.75,74.25,74.25,84.50 
17,28.50,38.25,59.00,64.75,70.00,71.75,74.25,76.25,76.25,86.75 
18,29.25,39.00,60.50,66.25,71.50,73.25,76.25,78.00,78.00,88.75 
19,30.00,39.75,62.00,67.75,73.00,74.75,78.25,79.75,79.75,90.75 
20,30.75,40.75,63.75,69.50,75.00,76.75,80.50,81.50,81.50,92.75 
21,31.50,41.50,65.50,71.25,77.00,78.50,82.50,83.25,83.25,94.50 
22,32.25,42.25,67.25,73.00,78.75,80.25,84.25,85.00,85.00,96.25 
23,33.00,43.25,69.00,74.75,80.50,82.00,86.00,86.75,86.75,98.00 
24,33.75,44.25,70.75,76.75,82.25,84.00,88.00,88.50,88.50,100.00 
25,34.50,45.25,72.50,78.75,84.25,86.00,89.75,90.25,90.25,102.00 
26,35.50,46.50,74.50,80.75,86.25,88.00,91.50,92.00,92.00,104.00 
27,36.25,47.25,76.50,82.75,88.00,90.25,93.25,93.50,93.50,105.75 
28,37.00,48.00,78.25,84.50,89.75,92.25,95.25,95.50,95.50,107.75 
29,37.75,49.00,80.00,86.50,92.00,94.25,97.00,97.75,97.75,109.75 
30,38.75,49.75,81.75,88.50,94.25,96.25,99.00,100.00,100.00,111.75 
31,39.75,50.75,83.75,90.75,96.25,98.25,101.25,102.00,102.00,113.75 
32,40.50,52.00,85.50,92.75,98.50,100.25,103.75,104.00,104.00,116.00 
33,41.50,53.25,87.25,95.00,100.75,102.25,106.00,106.25,106.25,118.25 
34,42.50,54.75,89.00,97.00,103.00,104.50,108.25,108.50,108.50,120.25 
35,43.25,55.75,91.00,99.25,105.00,107.00,110.50,110.75,110.75,122.50 
36,44.00,56.75,93.00,101.50,107.25,109.50,113.00,113.50,113.50,124.75 
37,44.75,57.50,94.75,103.50,109.25,112.00,115.25,116.00,116.00,127.00 
38,45.50,58.25,96.50,105.50,111.50,114.50,117.75,118.25,118.25,129.50 
39,46.25,59.25,98.25,107.50,113.50,116.75,120.00,120.50,120.50,132.00 
40,47.00,60.25,100.25,109.75,115.50,119.00,122.50,122.75,122.75,134.50 
41,47.75,61.25,102.25,111.75,118.00,121.00,124.75,125.25,125.25,136.75 
42,48.50,62.25,104.00,113.50,120.25,123.00,127.00,127.50,127.50,139.00 
43,49.25,63.50,106.00,115.25,122.50,125.25,129.50,129.75,129.75,141.50 
44,50.25,64.50,108.25,117.25,124.50,127.50,132.00,132.25,132.25,143.75 
45,51.25,65.50,110.25,119.00,126.50,129.50,134.50,134.75,134.75,146.25 
46,52.25,66.75,112.00,120.75,128.75,131.75,136.75,137.25,137.25,148.75 
47,53.25,68.25,113.75,123.00,131.00,133.75,139.00,139.25,139.25,151.00 
48,54.00,69.50,115.50,124.75,133.25,136.25,141.25,141.50,141.50,153.00 
49,54.75,70.75,117.25,126.50,135.75,138.50,143.25,144.00,144.00,155.00 
50,55.75,72.25,119.00,128.50,138.00,141.00,145.50,146.50,146.50,157.50 
51,56.75,73.75,121.00,130.25,140.25,143.75,148.25,149.00,149.00,160.00 
52,57.75,75.50,122.75,132.50,142.50,146.25,151.00,151.50,151.50,162.50 
53,58.75,77.00,124.50,134.25,144.50,148.50,153.50,154.25,154.25,165.25 
54,59.75,78.50,126.50,136.00,146.75,150.75,156.25,157.00,157.00,168.00 
55,60.75,80.00,128.25,137.75,149.00,153.25,159.00,159.75,159.75,170.75 
56,61.75,81.75,130.25,139.50,151.50,155.75,161.75,162.25,162.25,173.50 
57,63.00,83.50,132.50,141.75,154.00,158.25,164.50,165.25,165.25,176.00 
58,64.25,85.00,134.50,143.75,156.50,160.75,167.25,168.25,168.25,178.75 
59,65.25,86.50,136.75,145.75,159.00,163.25,170.25,171.25,171.25,181.75 
60,66.50,88.00,138.75,148.00,161.50,166.00,173.25,174.00,174.00,184.50 
61,67.75,89.50,140.75,150.75,164.00,169.00,176.25,176.75,176.75,187.25 
62,69.25,91.00,142.75,153.50,166.50,172.00,179.25,180.25,180.25,190.25 
63,70.50,92.75,145.00,156.00,169.00,174.75,182.50,183.50,183.50,193.25 
64,71.75,94.50,147.00,158.75,172.00,177.75,185.75,186.50,186.50,196.50 
65,73.00,96.25,149.00,161.50,175.00,180.75,189.00,189.50,189.50,199.75 
66,74.25,98.00,151.50,164.25,177.75,184.00,192.25,192.75,192.75,203.00 
67,75.50,99.75,154.00,167.00,180.25,187.25,195.50,195.75,195.75,206.25 
68,77.00,101.75,156.50,169.75,182.75,190.25,198.75,199.00,199.00,209.50 
69,78.50,103.75,158.75,172.50,185.50,193.75,202.00,202.25,202.25,212.75 
70,80.00,105.75,161.25,175.00,188.50,197.25,205.50,205.75,205.75,216.00 
71,81.25,108.25,163.75,177.25,191.25,200.25,208.50,209.25,209.25,219.25 
72,82.50,110.25,166.25,180.00,194.00,203.25,211.50,212.75,212.75,222.25 
73,84.00,112.00,168.50,182.75,197.00,206.25,214.50,216.25,216.25,225.25 
74,85.50,113.75,171.00,185.50,200.00,209.25,217.25,219.75,219.75,228.50 
75,86.75,115.50,173.50,188.00,203.00,212.25,220.25,223.25,223.25,231.50 
76,88.25,117.75,176.00,191.00,205.75,215.25,223.50,226.50,226.50,234.50 
77,89.75,119.75,178.50,193.50,208.50,218.25,226.75,229.75,229.75,237.75 
78,91.25,121.75,181.25,196.00,211.25,221.25,230.00,232.75,232.75,240.75 
79,92.75,123.75,184.00,198.75,214.00,224.25,233.25,235.75,235.75,244.00 
80,94.25,126.00,186.75,201.50,217.00,227.25,236.50,238.75,238.75,247.00 
81,95.75,128.00,189.25,204.25,220.25,230.00,239.75,241.75,241.75,250.50 
82,97.25,130.00,191.75,207.00,223.50,232.75,243.00,244.75,244.75,254.25 
83,98.75,132.00,194.50,209.50,226.50,235.50,246.25,247.75,247.75,257.75 
84,100.25,134.00,197.25,212.00,229.50,238.00,249.50,250.75,250.75,261.25 
85,101.50,136.25,200.00,214.75,232.50,241.00,252.75,253.50,253.50,264.75 
86,102.75,138.25,202.75,217.50,235.50,244.00,256.00,256.25,256.25,268.00 
87,104.00,140.50,205.50,220.25,238.25,247.00,259.25,259.50,259.50,271.25 
88,105.25,142.50,208.25,223.00,241.00,250.00,262.50,262.75,262.75,274.25 
89,106.50,144.50,210.75,225.50,243.75,253.00,265.75,266.00,266.00,277.00 
90,107.75,146.50,213.50,228.00,246.50,256.25,268.75,269.25,269.25,280.00 
91,109.25,148.50,216.25,230.75,249.25,259.25,271.75,272.25,272.25,283.00 
92,110.75,150.25,218.75,233.50,252.00,262.25,274.75,275.25,275.25,286.00 
93,112.00,151.75,221.25,236.25,254.75,265.25,277.75,278.25,278.25,289.00 
94,113.25,153.75,223.75,238.75,257.50,268.25,280.75,281.25,281.25,292.00 
95,114.75,155.75,226.25,241.25,260.25,271.25,283.50,284.50,284.50,294.75 
96,116.00,157.75,228.50,243.50,263.25,274.25,286.50,287.25,287.25,297.50 
97,117.25,159.50,230.75,246.00,266.25,277.25,289.50,290.25,290.25,300.25 
98,118.50,161.50,232.75,248.50,269.00,280.00,292.50,293.25,293.25,303.00 
99,119.75,163.25,234.75,250.75,271.75,282.75,295.25,296.25,296.25,305.75 
100,121.00,165.00,236.75,253.00,274.50,285.25,298.00,299.50,299.50,308.50 
101,122.25,166.75,238.75,255.50,277.00,288.00,300.75,302.50,302.50,311.25 
102,123.50,168.25,241.00,258.00,279.50,291.00,303.50,305.25,305.25,314.00 
103,124.75,170.00,243.50,260.25,282.25,294.00,306.25,308.00,308.00,316.75 
104,126.00,171.50,245.75,262.75,285.25,296.75,309.00,310.75,310.75,319.50 
105,127.25,173.00,248.00,265.25,288.00,299.50,311.75,313.75,313.75,322.25 
106,128.75,174.75,250.25,267.75,290.50,302.50,314.50,317.00,317.00,325.00 
107,130.25,176.50,252.75,270.25,293.00,305.25,317.25,320.00,320.00,328.00 
108,131.50,178.25,255.25,272.75,295.75,308.00,320.00,322.75,322.75,331.00 
109,132.75,180.00,257.50,275.25,298.50,311.00,322.75,325.50,325.50,333.75 
110,134.00,181.75,259.75,277.75,301.25,314.00,325.50,328.25,328.25,336.75 
111,135.25,183.75,262.00,280.50,304.00,317.00,328.50,331.00,331.00,339.50 
112,136.50,185.75,264.25,283.00,306.75,320.00,331.25,333.75,333.75,342.50 
113,137.75,187.75,266.50,285.50,309.50,323.00,334.00,336.50,336.50,345.25 
114,139.00,189.50,268.75,288.25,312.25,325.75,336.75,339.25,339.25,348.25 
115,140.25,191.00,271.00,290.75,315.25,328.50,339.75,342.00,342.00,351.25 
116,141.50,192.50,273.25,293.25,318.00,331.00,342.50,344.75,344.75,354.00 
117,142.75,194.25,275.50,295.50,320.75,333.50,345.25,347.50,347.50,357.00 
118,144.25,196.00,277.75,297.75,323.25,336.00,348.00,350.25,350.25,360.00 
119,145.75,197.75,280.00,300.00,325.75,338.50,350.75,353.25,353.25,363.00 
120,147.00,199.50,282.50,302.25,328.50,341.25,353.50,356.25,356.25,366.00 
121,148.00,201.50,285.25,304.75,331.25,344.00,356.50,359.00,359.00,368.75 
122,149.00,203.25,288.00,307.00,334.00,346.75,359.50,361.75,361.75,371.50 
123,150.25,205.00,290.50,309.25,336.75,349.75,362.50,364.75,364.75,374.25 
124,151.50,206.50,292.75,311.50,339.50,352.50,365.25,367.75,367.75,377.25 
125,152.75,208.25,295.00,314.00,342.25,355.25,368.00,370.50,370.50,380.00 
126,154.00,210.00,297.25,316.00,344.75,358.25,370.75,373.75,373.75,382.75 
127,155.00,211.75,299.50,318.50,347.25,361.25,373.75,377.00,377.00,385.75 
128,156.00,213.50,302.00,321.00,349.75,364.25,376.50,380.25,380.25,388.50 
129,157.25,215.25,304.25,323.75,352.50,367.25,379.50,383.25,383.25,391.25 
130,158.50,217.00,306.75,326.25,355.25,370.25,382.50,386.50,386.50,394.25 
131,159.75,218.75,309.00,329.25,358.00,373.25,385.50,389.75,389.75,397.25 
132,161.00,220.50,311.25,332.00,360.75,376.25,388.50,393.00,393.00,400.25 
133,162.25,222.25,313.50,334.75,363.50,379.25,391.50,396.25,396.25,403.25 
134,163.25,224.00,316.00,337.25,366.25,382.25,394.50,399.50,399.50,406.25 
135,164.25,225.75,318.25,340.00,369.00,385.25,397.50,402.75,402.75,409.25 
136,165.25,227.50,320.50,342.50,371.75,388.25,400.50,405.50,405.50,412.00 
137,166.25,229.25,323.00,344.75,374.50,391.25,403.50,408.25,408.25,414.75 
138,167.00,230.75,325.50,347.25,377.25,394.25,406.50,411.50,411.50,417.50 
139,167.75,232.00,327.75,349.75,380.00,397.25,409.50,414.50,414.50,420.25 
140,168.50,233.00,330.00,352.00,382.75,400.25,412.50,417.50,417.50,423.00 
141,169.25,234.25,332.50,354.50,385.50,403.25,415.50,420.50,420.50,426.00 
142,170.00,235.25,335.00,356.75,388.75,406.25,418.50,423.50,423.50,428.75 
143,170.75,236.50,337.00,359.00,391.75,409.25,421.50,426.75,426.75,431.75 
144,171.50,237.75,338.75,361.25,394.50,412.00,424.50,429.50,429.50,434.75 
145,172.25,239.00,340.50,363.75,397.25,414.50,427.50,432.50,432.50,437.50 
146,173.00,240.00,342.50,366.25,400.00,417.00,430.75,435.50,435.50,440.50 
147,173.75,241.00,344.50,368.75,402.75,419.75,433.75,438.50,438.50,443.25 
148,174.50,242.25,346.50,371.25,405.50,422.75,436.50,441.50,441.50,446.00 
149,175.25,243.50,348.50,373.75,408.50,425.50,439.25,444.25,444.25,448.75 
150,176.00,244.75,350.75,376.25,411.75,428.50,442.00,447.00,447.00,451.75 
Multiplier,1.19,1.65,2.35,2.52,2.76,2.87,2.96,2.99,2.99,3.03 
