Exceed,132,133,134,135,136,137,138
Letter,11.00,13.00,14.75,15.25,15.50,15.75,16.50 
1,12.75,16.75,20.25,22.50,23.50,24.00,25.00 
2,14.00,17.75,22.50,24.50,26.00,27.50,28.50 
3,14.75,18.75,24.50,26.25,28.75,30.50,31.25 
4,15.75,20.00,26.25,28.50,31.75,33.75,34.50 
5,16.50,21.25,28.25,30.25,35.00,37.00,38.50 
6,17.25,22.50,31.50,34.00,37.50,39.25,39.75 
7,17.75,23.75,34.50,36.75,40.25,41.75,42.00 
8,18.50,24.50,36.50,39.25,42.75,44.25,44.75 
9,19.25,25.50,39.00,41.75,45.25,46.50,47.50 
10,20.00,26.50,41.00,44.25,47.75,48.75,50.00 
11,20.50,27.50,43.25,46.25,50.75,51.00,52.50 
12,21.25,28.50,45.25,48.75,53.25,53.50,55.00 
13,22.00,29.75,47.25,51.25,55.50,55.75,57.50 
14,22.75,30.75,48.75,53.50,57.25,58.25,60.25 
15,23.50,32.25,50.50,55.50,58.75,60.50,63.00 
16,24.00,33.75,53.00,57.75,62.25,63.25,66.75 
17,24.50,34.75,54.50,59.75,64.50,65.50,68.50 
18,25.25,35.25,56.00,61.25,66.25,67.75,70.00 
19,26.00,35.75,57.50,62.75,67.75,69.50,72.00 
20,26.75,36.50,59.00,64.25,69.00,71.00,73.50 
21,27.50,37.50,60.75,66.25,70.75,72.50,75.50 
22,28.25,38.75,62.50,67.75,72.25,74.25,77.00 
23,28.75,39.50,64.00,69.25,73.75,76.00,78.75 
24,29.50,40.25,65.50,71.00,75.50,77.75,80.75 
25,30.25,41.25,67.25,72.75,77.25,79.50,82.75 
26,31.00,42.00,68.75,74.50,79.00,81.50,84.50 
27,31.50,42.75,70.25,76.50,81.00,83.25,86.25 
28,32.25,43.75,72.25,78.25,82.75,85.00,88.00 
29,33.00,44.75,74.00,80.25,84.75,87.00,89.75 
30,33.50,45.50,75.50,82.00,86.50,89.00,91.75 
31,34.25,46.25,77.25,83.75,88.25,91.25,93.75 
32,35.00,47.25,79.25,85.50,90.25,93.25,95.75 
33,35.75,48.50,81.25,87.25,92.00,95.25,97.75 
34,36.50,49.50,83.00,89.25,94.00,97.00,99.75 
35,37.25,50.25,84.75,91.25,96.25,98.75,101.75 
36,38.00,51.00,86.50,93.25,98.50,100.75,104.25 
37,38.75,52.00,88.00,95.00,101.00,102.75,106.50 
38,39.50,53.25,89.50,96.75,103.25,104.75,108.50 
39,40.25,54.25,91.00,98.75,105.25,107.00,110.50 
40,41.00,55.25,92.75,100.50,107.25,109.00,112.50 
41,41.50,56.00,95.00,102.50,109.50,111.25,114.75 
42,42.25,56.75,97.00,104.50,111.50,113.25,117.00 
43,43.00,57.75,98.75,106.50,113.75,115.25,119.00 
44,43.75,58.75,100.50,108.25,115.75,117.50,121.00 
45,44.50,59.75,102.25,110.00,117.50,119.50,123.25 
46,45.25,61.00,104.00,112.00,119.25,121.50,125.50 
47,46.25,62.25,105.50,114.00,121.00,123.50,127.50 
48,47.00,63.50,107.00,115.75,122.75,125.50,129.50 
49,47.75,64.50,108.75,117.75,124.50,127.50,131.50 
50,48.50,65.50,110.75,119.75,126.25,129.50,133.50 
51,49.25,66.75,112.50,121.50,128.50,131.50,135.50 
52,50.00,67.75,114.25,123.00,130.50,133.50,137.75 
53,51.00,69.00,115.75,124.50,132.75,135.75,139.75 
54,52.00,70.25,117.25,126.00,134.75,138.00,142.00 
55,52.75,71.75,118.75,127.50,137.00,140.25,144.25 
56,53.75,73.75,120.25,129.25,139.00,142.50,146.50 
57,54.75,75.25,122.00,131.00,141.00,145.00,149.00 
58,55.75,76.75,124.00,132.75,143.00,147.50,151.75 
59,57.00,78.25,125.75,134.75,145.25,149.75,154.25 
60,58.00,79.75,127.50,137.00,147.75,152.25,156.75 
61,59.00,81.25,129.50,139.50,150.25,155.00,159.50 
62,60.00,82.75,131.50,142.00,152.75,157.75,162.50 
63,61.25,84.50,133.75,144.25,155.00,160.50,165.50 
64,62.50,86.25,136.00,146.50,157.25,163.00,168.50 
65,63.50,88.00,138.25,149.00,159.75,166.00,171.50 
66,64.50,89.50,140.25,151.50,162.25,169.00,174.75 
67,65.75,91.25,142.50,154.00,164.75,171.75,178.00 
68,67.00,93.25,144.75,156.50,167.25,174.75,181.25 
69,68.25,95.00,147.00,159.00,169.75,177.75,184.50 
70,69.50,97.00,149.25,161.25,172.25,180.75,187.75 
71,70.75,98.50,152.25,164.25,176.75,184.75,191.75 
72,72.00,100.00,154.50,167.00,179.75,187.50,195.00 
73,73.00,101.75,156.50,169.75,182.75,190.50,197.75 
74,74.25,103.75,158.75,172.25,185.50,193.50,200.75 
75,75.50,105.75,161.25,174.75,188.50,196.25,204.25 
76,77.00,108.00,163.50,177.25,191.25,199.25,207.75 
77,78.25,110.00,165.75,179.75,194.25,202.00,210.50 
78,79.50,111.75,168.00,182.00,197.25,205.25,213.25 
79,80.50,113.50,170.75,184.50,200.25,208.25,216.25 
80,81.75,115.25,173.50,187.00,203.25,211.00,219.00 
81,83.00,117.25,176.50,189.75,206.00,214.00,222.25 
82,84.50,119.25,179.25,192.25,208.50,216.75,225.25 
83,85.75,121.00,182.00,195.25,211.00,219.50,228.25 
84,87.00,123.00,184.50,198.00,213.50,222.25,231.00 
85,88.25,124.75,186.75,200.75,216.00,225.25,233.50 
86,89.25,126.50,189.25,203.25,218.50,228.25,236.25 
87,90.25,128.50,191.50,205.50,221.00,230.75,238.75 
88,91.25,130.25,193.75,208.00,223.50,233.25,241.25 
89,92.50,132.00,196.00,210.50,226.00,235.75,244.00 
90,93.50,133.75,198.00,212.75,228.50,238.25,246.75 
91,94.50,135.50,200.25,214.75,231.00,240.75,249.75 
92,95.75,137.00,202.50,216.75,233.50,243.75,252.75 
93,97.00,138.50,204.75,218.75,236.00,246.75,255.75 
94,98.25,140.00,206.75,221.00,238.50,249.25,258.50 
95,99.50,141.50,209.00,223.25,240.75,252.00,261.25 
96,100.75,143.25,211.25,225.50,243.25,254.50,264.00 
97,101.75,145.00,213.25,227.50,245.75,256.75,267.00 
98,102.75,146.50,215.25,229.75,248.25,259.00,270.00 
99,104.00,148.00,217.25,232.00,250.75,261.50,272.75 
100,105.00,149.50,219.75,234.25,253.00,264.25,275.50 
101,106.00,151.25,221.75,236.25,255.50,267.00,278.50 
102,107.25,152.75,223.75,238.50,257.75,269.50,281.25 
103,108.50,154.50,226.00,240.75,260.00,272.50,284.00 
104,109.50,156.00,228.00,243.00,262.50,275.50,286.75 
105,110.75,157.50,230.00,245.00,265.00,278.50,289.25 
106,111.75,159.25,232.25,247.25,267.75,281.25,291.75 
107,112.75,161.00,234.25,249.25,270.50,283.75,294.50 
108,113.75,162.75,236.50,251.50,273.00,286.00,297.00 
109,115.00,164.50,238.50,254.00,275.25,288.50,300.00 
110,116.25,166.25,240.50,256.25,278.00,291.25,302.75 
111,117.50,168.00,242.75,258.75,280.50,294.25,305.25 
112,118.75,169.75,245.00,261.00,282.75,297.00,308.00 
113,119.75,171.00,247.50,263.50,285.00,299.50,310.75 
114,120.75,172.25,249.75,265.75,287.25,302.00,313.50 
115,122.00,173.50,251.75,268.25,289.50,304.50,316.25 
116,123.25,175.00,254.00,270.50,292.00,306.75,319.00 
117,124.25,176.75,256.00,273.00,294.50,309.00,321.75 
118,125.25,178.50,258.00,275.25,297.00,311.25,324.50 
119,126.25,180.25,260.25,277.75,299.25,313.50,327.25 
120,127.25,182.00,262.25,280.00,301.50,316.00,329.75 
121,128.25,183.75,264.50,282.50,304.00,318.50,332.75 
122,129.50,185.25,266.75,284.75,306.75,321.00,335.50 
123,130.75,186.75,268.75,287.00,309.25,323.50,338.00 
124,131.75,188.25,270.75,289.00,312.00,326.25,341.00 
125,132.75,190.00,272.75,291.00,314.50,328.75,344.00 
126,133.75,191.75,275.00,293.00,317.25,331.25,347.00 
127,134.75,193.50,277.25,295.00,319.75,333.75,349.75 
128,135.50,194.75,279.50,297.00,322.00,336.75,352.25 
129,136.50,196.00,281.75,299.00,324.25,339.50,355.25 
130,137.50,197.25,284.00,301.25,326.50,342.00,358.00 
131,138.75,199.25,286.25,303.75,328.75,344.75,360.75 
132,139.75,201.00,288.25,306.50,331.00,347.25,363.25 
133,140.75,202.75,290.25,308.75,333.50,349.75,366.00 
134,141.75,204.50,292.25,311.25,335.75,352.50,368.50 
135,142.50,206.00,294.25,313.50,338.00,355.50,371.00 
136,143.25,207.50,296.50,316.00,340.50,358.75,373.75 
137,144.00,209.00,298.50,318.50,342.75,361.75,376.50 
138,144.75,210.50,300.50,321.00,345.25,364.75,379.25 
139,145.75,211.75,302.50,323.25,347.75,367.75,381.75 
140,146.50,212.75,304.75,325.75,350.25,370.75,384.50 
141,147.25,214.00,307.00,328.25,353.00,373.75,387.50 
142,148.00,215.00,309.00,330.75,355.50,376.50,390.50 
143,148.50,216.00,311.00,333.00,358.25,379.00,393.75 
144,149.00,217.00,313.00,335.50,360.75,381.25,396.75 
145,149.75,218.00,314.75,338.00,363.50,383.75,399.75 
146,150.50,219.00,316.75,340.50,366.25,386.25,402.50 
147,151.00,220.00,318.75,343.00,369.00,388.75,405.25 
148,151.50,221.00,320.75,345.50,371.75,391.25,408.00 
149,152.00,222.00,322.75,348.00,374.50,393.75,410.75 
150,152.50,223.00,324.75,350.50,377.25,396.25,413.50 
Multiplier,1.03,1.50,2.18,2.35,2.53,2.66,2.77 
