Exceed,242,243,244,245,246,247,248
Letter,7.7,8.1,8.6,9.2,9.5,10,10.6
1,8,8.6,9.1,10.1,11.1,11.8,12.1
2,8.3,9.2,10.3,11.3,12.7,13.7,14.1
3,9,9.8,11.4,12.7,14.6,15.5,16
4,9.6,10.5,12.6,14.3,16.4,17.5,17.9
5,10.4,11.6,13.8,16,18.1,19.5,20.1
6,10.6,12.3,14.6,17.4,20.5,21.9,22.8
7,11.4,13.2,15.8,19.1,22.7,24,25.4
8,12.2,14.2,17,20.7,24.9,26.4,27.8
9,12.7,15.2,18.3,22.3,27.1,28.9,30.3
10,13.2,16.1,19.5,23.9,29.5,31.3,32.5
11,14,17,20.7,25.5,31.7,33.5,34.8
12,14.8,18,21.8,27.1,33.8,35.5,36.9
13,15.5,18.7,23,28.4,35.7,37.3,38.8
14,16.3,19.5,24,29.9,37.4,39.2,40.8
15,17.1,20.3,25.1,31.3,39.3,41.1,42.8
16,17.8,21,26.1,32.4,41.4,43.3,44.7
17,18.4,21.6,27,33.5,43.3,45.3,46.7
18,18.9,22.1,27.9,34.6,45.3,47.4,48.8
19,19.5,22.8,29,35.8,47.3,49.6,50.9
20,20.1,23.5,30,37.2,49.3,51.7,53.2
21,20.6,24.4,31.1,38.6,51.3,53.7,55.5
22,21.2,25.3,32.1,39.9,53.1,55.8,57.8
23,21.8,26.1,33.2,41.2,55,57.9,60
24,22.4,26.9,34.2,42.5,56.9,60,62
25,23,27.7,35.3,43.9,58.6,62.1,64.1
26,23.6,28.5,36.4,45.4,60.1,64,66.1
27,24.3,29.3,37.3,46.8,61.7,66,68.1
28,25,30.1,38.3,48.1,63.4,67.8,70.2
29,25.7,30.9,39.3,49.4,65.2,69.8,72.2
30,26.4,31.7,40.4,50.7,67.1,71.6,74.1
31,27.1,32.4,41.5,52,69,73.6,76.2
32,27.7,33.2,42.6,53.4,71,75.7,78.3
33,28.3,34,43.6,54.8,72.9,77.7,80.3
34,28.9,34.7,44.6,56,74.7,79.8,82.3
35,29.5,35.5,45.6,57.2,76.5,81.8,84.4
36,30.1,36.4,46.5,58.4,78.4,83.9,86.6
37,30.7,37.3,47.5,59.7,80.3,86,88.7
38,31.4,38.1,48.6,60.9,82.2,88.2,90.8
39,32.3,38.9,49.7,62.1,84.1,90.2,92.8
40,33.2,39.7,50.8,63.4,86,92.3,94.9
41,34,40.7,51.8,64.7,87.9,94.3,97
42,34.7,41.5,52.8,66,89.6,96.3,99
43,35.3,42.3,53.7,67.3,91.3,98.3,101
44,35.9,43,54.6,68.4,93.1,100.2,103
45,36.5,43.7,55.5,69.5,94.9,102.2,105
46,37.2,44.5,56.4,70.7,96.7,104.2,107
47,37.9,45.3,57.4,71.9,98.5,106.2,109
48,38.6,46.1,58.4,73.1,100.3,108.2,111
49,39.3,47,59.4,74.3,102.1,110.1,112.8
50,40,47.9,60.4,75.5,103.9,112,114.6
51,40.7,48.8,61.3,76.8,105.6,113.9,116.5
52,41.4,49.7,62.2,78.1,107.3,115.8,118.4
53,42.1,50.6,63.1,79.4,109,117.8,120.3
54,42.8,51.4,64,80.7,110.7,119.6,122.2
55,43.4,52.2,64.9,82,112.4,121.4,124.1
56,44,53.1,66,83.3,114.2,123.3,126.1
57,44.6,53.8,67,84.6,116,125.2,128.1
58,45.2,54.5,68.1,85.9,117.8,127.2,130.1
59,45.8,55.2,69.3,87.2,119.6,129.4,132.1
60,46.5,55.9,70.5,88.5,121.4,131.6,134.2
61,47.3,56.7,71.5,89.9,123.2,133.6,136.4
62,48.1,57.6,72.5,91.2,125.1,135.7,138.6
63,48.9,58.6,73.5,92.5,127.1,137.8,140.8
64,49.7,59.6,74.5,93.9,128.9,139.9,143
65,50.5,60.6,75.5,95.4,130.7,141.9,145.3
66,51.1,61.3,76.6,96.9,132.7,144,147.6
67,51.7,62,77.6,98.4,134.6,146.1,149.9
68,52.3,62.8,78.7,99.9,136.5,148.2,152.2
69,52.9,63.6,79.7,101.5,138.4,150.3,154.4
70,53.5,64.5,80.8,103.1,140.3,152.4,156.6
71,54.2,65.1,81.9,104.5,142.3,154.7,159.1
72,54.9,66,83.1,105.9,144.3,156.9,161.2
73,55.6,66.9,84.2,107.3,146.3,158.9,163.4
74,56.3,67.8,85.3,108.7,148.1,161,165.5
75,57,68.7,86.4,110.1,149.9,163,167.6
76,57.7,69.5,87.5,111.6,151.9,165,169.7
77,58.4,70.3,88.5,113.1,153.9,166.9,171.8
78,59.1,71.1,89.5,114.6,155.9,168.8,173.9
79,59.8,72,90.6,116.1,157.9,170.8,176
80,60.5,72.9,91.7,117.6,159.9,172.8,178.1
81,61.2,73.9,92.8,119.1,161.8,174.8,180.2
82,61.9,74.7,93.9,120.6,163.7,176.8,182.3
83,62.6,75.6,95,122.1,165.4,178.9,184.4
84,63.3,76.4,96.1,123.6,167.1,181,186.5
85,64,77.2,97.2,125,168.8,182.9,188.6
86,64.7,78,98.4,126.4,170.5,184.9,190.7
87,65.4,78.8,99.6,127.8,172.2,186.9,192.8
88,66.1,79.6,100.8,129.2,173.9,188.9,194.8
89,66.9,80.4,101.9,130.6,175.6,190.8,196.8
90,67.7,81.4,103,132,177.3,192.9,198.9
91,68.5,82.3,104.1,133.4,179,195,201
92,69.3,83.2,105.1,134.7,180.7,197.1,203.1
93,70,84,106.1,136,182.5,199.2,205.2
94,70.7,84.8,107.1,137.3,184.3,201.3,207.3
95,71.3,85.6,108.1,138.6,186.4,203.4,209.4
96,71.9,86.4,109.1,139.9,188.5,205.3,211.4
97,72.5,87.2,110.1,141.3,190.6,207.3,213.4
98,73.1,88,111.1,142.7,192.7,209.3,215.4
99,73.7,88.8,112.1,144.1,194.4,211.2,217.4
100,74.4,89.6,113.1,145.5,196.1,213.1,219.4
101,75.1,90.5,114.1,146.9,197.8,215,221.4
102,75.8,91.4,115.1,148.3,199.5,216.9,223.4
103,76.5,92.2,116.1,149.7,201.3,218.8,225.4
104,77.2,93,117.1,151.1,203.1,220.7,227.4
105,77.9,93.8,118.1,152.5,205,222.6,229.4
106,78.6,94.6,119.2,153.9,207,224.6,231.4
107,79.3,95.4,120.3,155.3,209,226.7,233.4
108,80,96.2,121.4,156.7,211,228.8,235.4
109,80.7,97,122.5,158.2,213,230.9,237.8
110,81.4,97.9,123.6,159.6,215,233,240
111,82.1,98.8,124.7,161.1,217.1,235.1,242.2
112,82.8,99.6,125.8,162.5,219.2,237.2,244.4
113,83.5,100.4,126.9,163.9,221.3,239.3,246.5
114,84.2,101.2,128,165.3,223.4,241.4,249
115,85,102.1,129.1,166.7,225.5,243.5,251.1
116,85.8,103.1,130.3,168.1,227.3,245.7,253.2
117,86.6,104.1,131.4,169.5,229.1,247.9,255.4
118,87.4,105.1,132.5,170.9,230.9,250.1,257.6
119,88.1,106,133.6,172.3,232.7,252.3,259.8
120,88.8,107,134.7,173.7,234.5,254.5,262
121,89.5,108,135.8,175.2,236.3,256.6,264.2
122,90.2,109,136.9,176.6,238.3,258.7,266.4
123,90.9,109.9,138,178,240.3,261,268.6
124,91.6,110.7,139.1,179.4,242.3,263.2,270.8
125,92.4,111.5,140.2,180.8,244.3,265.4,273
126,93.2,112.3,141.3,182.2,246.3,267.7,275.2
127,94,113.1,142.4,183.7,248.3,270,277.4
128,94.8,113.9,143.5,185.1,250.3,272.3,279.6
129,95.6,114.7,144.6,186.5,252.3,274.4,281.8
130,96.4,115.6,145.7,187.9,254.1,276.5,284
131,97.1,116.5,146.8,189.3,255.9,278.7,286.2
132,97.8,117.4,147.9,190.7,257.7,280.9,288.4
133,98.5,118.3,149,192.1,259.5,283,290.6
134,99.2,119.2,150.1,193.5,261.3,285.1,292.8
135,99.9,120.1,151.2,194.9,263.1,287.2,295
136,100.6,121.1,152.3,196.3,265,289.2,297.2
137,101.3,122.2,153.4,197.7,266.9,291.2,299.4
138,102,123.1,154.5,199.1,268.8,293.2,301.6
139,102.7,124,155.6,200.5,270.7,295.2,303.8
140,103.5,124.9,156.7,201.9,272.6,297.2,306
141,104.3,125.8,157.8,203.3,274.5,299.2,308.3
142,105.1,126.8,158.9,204.7,276.4,301.3,310.6
143,105.9,127.9,160,206.1,278.3,303.4,312.9
144,106.7,128.9,161.1,207.5,280.2,305.5,315.2
145,107.5,129.9,162.2,208.9,282.1,307.6,317.6
146,108.3,130.8,163.4,210.2,284.1,309.7,320.1
147,109.1,131.7,164.6,211.5,286.1,311.8,322.5
148,109.9,132.6,165.8,212.8,288.1,313.9,324.9
149,110.7,133.5,166.9,214.1,290.1,316,327.3
150,111.5,134.4,168.1,215.4,292.1,318.2,329.7
Multiplier,0.75,0.91,1.13,1.45,1.96,2.13,2.21
