Exceed,202,203,204,205,206,207,208,224,225,226
Letter,7.20,7.60,8.00,8.60,9.20,9.50,9.80,13.50,13.50,18.80 
1,7.50,7.90,8.50,9.10,10.20,11.00,11.30,16.00,16.00,28.90 
2,7.80,8.50,8.80,10.30,11.80,12.60,12.90,17.80,17.80,30.70 
3,8.40,8.90,9.30,11.50,13.50,14.30,14.70,19.40,19.40,32.40 
4,8.90,9.30,10.30,12.70,15.10,16.00,16.70,21.20,21.20,34.20 
5,9.10,9.60,11.30,14.20,17.00,17.90,18.70,23.20,23.20,36.20 
6,9.30,10.20,12.30,15.50,19.10,20.30,21.40,25.30,25.30,38.20 
7,9.80,11.10,13.30,16.80,21.20,22.50,23.70,27.20,27.20,40.00 
8,10.30,12.00,14.30,18.20,23.20,24.80,25.90,29.10,29.10,41.90 
9,10.80,12.90,15.30,19.70,25.40,27.00,28.20,31.30,31.30,43.90 
10,11.30,13.50,16.50,21.20,27.80,29.20,30.50,33.30,33.30,45.90 
11,11.80,14.20,17.40,22.60,29.80,31.40,32.40,35.30,35.30,47.90 
12,12.50,14.90,18.30,24.10,31.70,33.30,34.40,37.00,37.00,49.90 
13,13.30,15.60,19.20,25.60,33.40,34.90,36.30,38.70,38.70,51.60 
14,14.00,16.40,20.10,27.20,35.00,36.50,38.10,40.40,40.40,53.20 
15,14.60,17.10,21.00,28.80,36.50,38.40,39.90,42.10,42.10,54.90 
16,14.80,17.60,21.90,29.20,38.60,40.60,41.90,44.10,44.10,56.60 
17,15.30,18.10,22.80,30.00,40.40,42.50,43.90,45.90,45.90,58.40 
18,15.80,18.60,23.70,31.20,42.30,44.50,45.90,47.90,47.90,60.50 
19,16.30,19.10,24.60,32.40,44.20,46.70,48.00,49.90,49.90,62.50 
20,17.00,19.80,25.30,33.50,46.10,48.70,50.10,51.70,51.70,64.30 
21,17.80,20.60,26.20,34.60,47.90,50.70,52.10,53.30,53.30,66.10 
22,18.40,21.30,27.10,35.80,49.80,52.60,54.10,54.90,54.90,67.80 
23,18.90,22.10,28.00,37.00,51.50,54.70,56.00,56.80,56.80,69.50 
24,19.40,22.80,28.70,38.20,53.30,56.60,58.00,58.60,58.60,71.40 
25,19.90,23.40,29.60,39.40,55.00,58.40,60.00,60.50,60.50,73.40 
26,20.40,24.10,30.40,40.80,56.60,60.20,62.00,62.50,62.50,75.20 
27,21.10,24.70,31.30,42.00,58.10,61.90,64.00,64.30,64.30,77.00 
28,21.70,25.50,32.10,43.20,59.90,63.70,66.00,66.10,66.10,79.00 
29,22.20,26.20,33.00,44.50,61.50,65.50,67.90,68.00,68.00,80.80 
30,22.70,26.70,34.00,45.60,63.10,67.20,69.80,69.90,69.90,82.40 
31,23.20,27.40,34.90,46.70,64.90,69.10,71.80,71.90,71.90,83.90 
32,23.70,28.20,36.00,47.80,66.50,70.90,73.70,73.80,73.80,85.40 
33,24.20,28.90,36.80,49.00,68.30,72.80,75.70,75.80,75.80,87.10 
34,24.70,29.50,37.70,50.20,70.10,74.90,77.70,77.80,77.80,88.70 
35,25.30,30.10,38.50,51.40,71.90,77.00,79.80,79.90,79.90,90.20 
36,25.90,30.80,39.40,52.50,73.80,78.90,81.80,81.90,81.90,91.80 
37,26.40,31.50,40.20,53.70,75.60,80.80,83.70,83.80,83.80,93.50 
38,26.90,32.20,41.10,54.90,77.40,82.70,85.50,85.70,85.70,95.10 
39,27.60,32.80,41.90,56.10,79.20,84.50,87.30,87.50,87.50,96.90 
40,28.30,33.60,42.70,57.30,81.00,86.40,89.30,89.40,89.40,98.80 
41,29.10,34.40,43.50,58.50,82.60,88.20,91.10,91.20,91.20,100.60 
42,29.70,35.20,44.20,59.60,84.20,90.00,93.00,93.10,93.10,102.40 
43,30.20,35.90,45.10,60.60,85.80,92.10,94.90,95.00,95.00,104.20 
44,30.70,36.50,45.90,61.60,87.50,94.10,96.80,96.90,96.90,106.00 
45,31.30,37.20,46.90,62.60,89.20,96.00,98.70,98.80,98.80,107.80 
46,31.90,37.90,47.70,63.80,90.80,97.90,100.60,100.70,100.70,109.50 
47,32.40,38.50,48.60,64.70,92.30,99.80,102.40,102.70,102.70,111.20 
48,33.00,39.20,49.40,65.60,93.90,101.60,104.40,104.50,104.50,113.20 
49,33.60,39.90,50.30,66.60,95.50,103.50,106.10,106.20,106.20,115.00 
50,34.20,40.50,51.20,67.80,97.10,105.40,107.80,107.90,107.90,116.90 
51,34.80,41.30,52.00,69.00,98.70,107.10,109.40,109.60,109.60,118.70 
52,35.40,42.20,52.80,70.20,100.40,108.80,111.10,111.30,111.30,120.40 
53,36.00,42.80,53.50,71.40,102.10,110.50,112.80,112.90,112.90,122.10 
54,36.60,43.50,54.40,72.50,103.80,112.20,114.70,114.80,114.80,123.90 
55,37.30,44.20,55.20,73.60,105.40,113.90,116.60,116.70,116.70,125.60 
56,37.80,44.80,56.10,74.80,107.20,115.70,118.30,118.40,118.40,127.40 
57,38.40,45.50,56.90,76.00,108.90,117.40,120.10,120.20,120.20,129.10 
58,38.90,46.20,57.80,77.20,110.50,119.20,121.90,122.10,122.10,130.90 
59,39.40,46.80,58.70,78.40,112.00,121.00,123.80,123.90,123.90,132.70 
60,39.90,47.50,59.50,79.60,113.60,122.80,126.10,126.20,126.20,134.60 
61,40.50,48.20,60.40,80.80,115.40,125.20,128.20,128.40,128.40,136.60 
62,41.40,48.90,61.20,82.10,117.20,127.10,130.20,130.40,130.40,138.70 
63,42.00,49.50,62.10,83.30,119.00,129.00,132.20,132.40,132.40,140.80 
64,42.80,50.20,62.90,84.50,120.80,130.90,134.60,134.70,134.70,142.90 
65,43.30,50.90,63.80,85.70,122.60,132.80,136.70,136.80,136.80,145.00 
66,43.90,51.70,64.60,87.30,124.50,135.00,138.80,139.10,139.10,147.10 
67,44.40,52.50,65.50,88.70,126.50,137.10,140.90,141.10,141.10,149.20 
68,45.00,53.20,66.40,90.10,128.50,139.20,143.00,143.10,143.10,151.30 
69,45.60,54.00,67.30,91.70,130.50,141.30,145.10,145.20,145.20,153.40 
70,46.20,54.80,68.20,93.30,132.60,143.40,147.20,147.30,147.30,155.50 
71,46.80,55.60,69.00,95.00,134.40,145.60,149.70,149.80,149.80,157.40 
72,47.30,56.40,70.00,96.50,136.20,147.30,151.70,152.20,152.20,159.20 
73,47.80,57.10,70.90,97.80,137.80,149.10,153.70,154.60,154.60,161.00 
74,48.30,57.70,71.90,99.10,139.50,150.90,155.70,156.50,156.50,162.80 
75,49.00,58.40,72.80,100.40,141.20,152.70,157.60,158.20,158.20,164.60 
76,49.60,59.10,73.90,101.70,142.90,154.50,159.50,159.90,159.90,166.40 
77,50.20,59.70,74.90,103.10,144.60,156.50,161.40,161.60,161.60,168.20 
78,50.80,60.40,76.30,104.40,146.20,158.50,163.30,163.40,163.40,170.00 
79,51.50,61.20,77.20,105.70,147.90,160.50,165.60,165.70,165.70,171.80 
80,52.20,61.90,78.20,107.00,149.60,162.50,167.60,167.90,167.90,173.60 
81,52.80,62.70,79.10,108.20,151.30,164.50,169.50,169.70,169.70,175.60 
82,53.30,63.50,80.00,109.40,153.00,166.20,171.50,171.60,171.60,177.70 
83,53.80,64.10,80.80,110.60,154.70,167.90,173.50,173.60,173.60,179.80 
84,54.50,64.80,81.70,111.80,156.40,169.60,175.50,175.60,175.60,181.90 
85,55.10,65.60,82.60,113.10,158.10,171.20,177.50,177.60,177.60,183.60 
86,55.70,66.30,83.40,114.30,159.90,173.10,179.30,179.60,179.60,185.40 
87,56.30,67.00,84.30,115.50,161.80,175.00,181.20,181.50,181.50,187.10 
88,56.90,67.70,85.10,116.70,163.90,176.90,183.10,183.40,183.40,188.90 
89,57.50,68.30,86.10,117.90,166.00,178.80,184.90,185.20,185.20,190.70 
90,58.20,69.00,87.00,119.10,167.90,180.70,186.80,187.00,187.00,192.50 
91,58.90,69.80,88.00,120.40,169.60,182.50,188.70,188.90,188.90,194.20 
92,59.70,70.60,89.00,121.60,171.20,184.50,190.60,190.70,190.70,195.90 
93,60.30,71.40,89.90,122.90,172.80,186.50,192.50,192.60,192.60,197.60 
94,60.90,72.10,90.90,124.10,174.30,188.50,194.40,194.50,194.50,199.30 
95,61.40,72.70,91.70,125.20,175.90,190.50,196.30,196.40,196.40,201.20 
96,61.90,73.40,92.60,126.30,177.60,192.50,198.20,198.30,198.30,203.00 
97,62.40,74.10,93.40,127.50,179.30,194.50,200.10,200.20,200.20,204.80 
98,62.90,74.70,94.30,128.60,180.90,196.20,202.10,202.20,202.20,206.70 
99,63.60,75.40,95.20,129.70,182.50,197.90,204.10,204.20,204.20,208.60 
100,64.50,76.10,96.00,130.80,184.10,199.50,206.10,206.20,206.20,210.40 
101,65.40,76.80,96.90,132.00,185.70,201.50,208.00,208.20,208.20,212.30 
102,66.30,77.50,97.80,133.30,187.40,203.50,210.00,210.20,210.20,214.30 
103,67.00,78.40,98.80,134.50,189.10,205.30,212.00,212.20,212.20,216.30 
104,67.60,79.10,99.80,135.70,191.20,207.20,214.00,214.20,214.20,218.30 
105,68.20,79.80,100.80,136.90,193.00,209.10,216.00,216.20,216.20,220.20 
106,68.90,80.60,101.80,138.20,194.80,211.00,217.90,218.20,218.20,222.00 
107,69.60,81.30,102.80,139.40,196.50,212.90,219.90,220.20,220.20,223.90 
108,70.20,82.10,103.80,140.60,198.30,214.80,221.90,222.20,222.20,225.70 
109,70.90,82.90,104.80,141.80,200.10,216.90,223.90,224.20,224.20,227.70 
110,71.50,83.60,105.80,143.10,201.90,218.90,225.90,226.20,226.20,229.50 
111,72.20,84.40,106.70,144.30,203.70,220.90,227.90,228.20,228.20,231.30 
112,72.80,85.20,107.50,145.50,205.50,222.90,229.90,230.20,230.20,233.10 
113,73.50,85.90,108.40,146.70,207.80,224.90,231.90,232.20,232.20,235.00 
114,74.10,86.70,109.30,148.00,210.10,226.90,233.90,234.20,234.20,236.90 
115,74.80,87.50,110.40,149.30,212.40,228.90,235.90,236.20,236.20,238.90 
116,75.50,88.20,111.40,150.60,214.10,230.90,237.80,238.20,238.20,240.80 
117,76.10,89.00,112.40,151.90,215.70,232.90,239.70,240.20,240.20,242.80 
118,76.80,89.70,113.40,153.30,217.40,234.90,241.70,242.20,242.20,244.80 
119,77.40,90.50,114.30,154.60,219.10,236.90,243.70,244.20,244.20,246.90 
120,78.10,91.30,115.30,155.90,220.80,238.90,245.60,246.20,246.20,248.90 
121,78.70,92.00,116.30,157.20,222.50,240.90,247.60,248.20,248.20,251.00 
122,79.30,92.70,117.30,158.60,224.10,242.80,249.60,250.20,250.20,253.10 
123,79.90,93.50,118.20,159.90,225.80,244.70,251.60,252.20,252.20,255.20 
124,80.60,94.20,119.20,161.20,227.50,246.60,253.50,254.20,254.20,257.30 
125,81.20,95.00,120.10,162.50,229.20,248.50,255.50,256.20,256.20,259.40 
126,81.90,95.70,121.10,163.90,231.30,250.40,257.70,258.20,258.20,261.50 
127,82.50,96.40,122.00,165.10,233.40,252.30,259.80,260.20,260.20,263.60 
128,83.10,97.20,123.10,166.30,235.50,254.20,261.90,262.20,262.20,265.70 
129,83.70,98.00,124.10,167.50,237.60,256.10,264.00,264.20,264.20,267.80 
130,84.40,98.80,125.00,168.80,239.70,258.20,266.10,266.30,266.30,269.90 
131,85.10,99.50,126.00,170.00,241.30,260.30,268.10,268.30,268.30,271.90 
132,85.80,100.30,126.90,171.20,243.00,262.40,270.20,270.40,270.40,273.90 
133,86.50,101.00,127.90,172.50,244.70,264.50,272.30,272.50,272.50,275.90 
134,87.20,101.80,128.80,173.90,246.40,266.60,274.40,274.60,274.60,277.80 
135,87.90,102.60,129.80,175.30,248.10,268.70,276.50,276.70,276.70,279.70 
136,88.50,103.30,130.70,176.70,249.90,270.80,278.60,278.80,278.80,281.60 
137,89.00,104.10,131.70,178.00,251.70,272.90,280.80,281.00,281.00,283.50 
138,89.60,104.80,132.60,179.20,253.50,275.00,282.90,283.20,283.20,285.40 
139,90.30,105.60,133.60,180.40,255.30,277.10,285.00,285.20,285.20,287.30 
140,91.00,106.40,134.60,181.60,257.10,279.30,287.10,287.40,287.40,289.20 
141,91.70,107.10,135.50,182.80,258.90,281.40,289.20,289.60,289.60,291.20 
142,92.40,107.90,136.50,184.30,260.70,283.50,291.30,291.60,291.60,293.20 
143,93.10,108.80,137.40,185.70,262.50,285.60,293.40,293.60,293.60,295.20 
144,93.80,109.60,138.40,187.00,264.30,287.70,295.50,295.70,295.70,297.20 
145,94.40,110.40,139.30,188.40,266.10,289.80,297.50,297.70,297.70,299.20 
146,95.00,111.10,140.30,189.70,267.90,291.90,299.50,299.70,299.70,301.40 
147,95.60,111.90,141.20,191.00,269.70,294.00,301.50,301.70,301.70,303.70 
148,96.20,112.70,142.20,192.40,271.50,296.10,303.70,303.90,303.90,306.00 
149,96.80,113.40,143.20,193.70,273.30,298.20,305.80,306.10,306.10,308.30 
150,97.40,114.20,144.10,195.00,275.10,300.30,307.90,309.10,309.10,310.60 
Multiplier,0.66,0.78,0.98,1.31,1.85,2.02,2.07,2.08,2.08,2.09 
