Exceed,302,303,304,305,306,307,308
1,4.60,5.20,5.50,6.00,7.30,8.00,8.20 
2,4.80,5.40,6.00,6.70,8.60,9.00,9.60 
3,5.20,5.80,6.50,7.50,9.70,10.30,10.90 
4,5.60,6.50,7.20,8.40,10.90,11.70,12.20 
5,5.90,7.00,7.90,9.30,12.20,13.10,13.70 
6,6.30,7.70,8.60,10.10,13.10,14.10,15.00 
7,6.70,8.20,9.30,10.70,14.00,15.30,16.40 
8,7.20,8.80,10.00,11.60,15.20,16.50,17.70 
9,7.60,9.30,10.70,12.40,16.20,17.80,19.20 
10,8.00,9.80,11.30,13.20,17.40,19.00,20.60 
11,8.40,10.50,12.00,13.80,18.50,20.20,21.90 
12,8.90,11.00,12.60,14.60,19.60,21.50,23.20 
13,9.30,11.50,13.30,15.50,20.90,22.80,24.60 
14,9.70,12.00,14.00,16.30,22.00,24.10,26.10 
15,10.10,12.60,14.70,17.20,23.30,25.40,27.50 
16,10.40,13.00,15.20,17.80,24.00,26.50,28.80 
17,10.80,13.40,15.80,18.50,24.80,27.40,30.00 
18,11.20,13.90,16.50,19.30,25.70,28.40,31.10 
19,11.60,14.40,17.10,20.10,26.70,29.60,32.20 
20,12.00,15.00,17.80,20.80,27.70,30.80,33.50 
21,12.40,15.50,18.60,21.60,28.70,31.90,34.70 
22,12.80,16.00,19.30,22.40,29.80,33.00,35.90 
23,13.20,16.50,19.90,23.20,30.80,34.10,37.00 
24,13.60,17.10,20.50,23.90,31.90,35.30,38.30 
25,14.10,17.80,21.20,24.70,32.90,36.50,39.50 
26,14.60,18.50,21.90,25.60,34.00,37.70,40.80 
27,15.00,19.00,22.60,26.50,35.20,39.00,42.10 
28,15.50,19.50,23.30,27.30,36.40,40.20,43.40 
29,15.90,20.00,24.00,28.00,37.50,41.30,44.80 
30,16.30,20.50,24.60,28.70,38.60,42.50,46.10 
31,16.70,21.10,25.30,29.50,39.70,43.70,47.40 
32,17.10,21.60,26.00,30.30,40.80,45.00,48.70 
33,17.50,22.10,26.80,31.10,41.90,46.20,50.00 
34,17.90,22.70,27.60,32.00,43.00,47.30,51.40 
35,18.30,23.20,28.20,32.70,44.10,48.40,52.70 
36,18.70,23.70,28.80,33.50,45.20,49.40,53.90 
37,19.10,24.30,29.40,34.20,46.20,50.40,55.10 
38,19.50,24.80,30.00,35.00,47.20,51.40,56.20 
39,20.00,25.30,30.60,35.80,48.20,52.40,57.30 
40,20.40,25.80,31.20,36.60,49.20,53.40,58.40 
41,20.80,26.30,31.80,37.40,50.20,54.50,59.60 
42,21.20,26.90,32.50,38.30,51.20,55.70,60.90 
43,21.60,27.50,33.20,39.20,52.30,56.90,62.30 
44,22.00,28.00,33.90,39.90,53.30,58.10,63.60 
45,22.40,28.50,34.60,40.70,54.40,59.30,65.00 
46,22.80,29.10,35.20,41.50,55.50,60.50,66.50 
47,23.20,29.60,35.80,42.30,56.70,61.70,67.80 
48,23.60,30.20,36.40,43.10,58.00,62.90,69.20 
49,24.00,30.70,37.00,43.90,59.30,64.10,70.60 
50,24.40,31.20,37.60,44.60,60.50,65.30,71.90 
51,24.80,31.70,38.30,45.30,61.60,66.60,73.00 
52,25.20,32.30,39.00,46.10,62.60,67.90,74.30 
53,25.70,32.90,39.70,46.90,63.60,69.20,75.60 
54,26.20,33.40,40.40,47.70,64.60,70.50,76.90 
55,26.60,33.90,41.10,48.50,65.60,71.80,78.30 
56,27.00,34.40,41.70,49.30,66.60,73.10,79.70 
57,27.40,34.90,42.30,50.10,67.70,74.40,81.10 
58,27.80,35.40,42.90,50.80,68.80,75.70,82.50 
59,28.20,35.90,43.50,51.50,70.00,77.00,84.00 
60,28.60,36.50,44.10,52.50,71.30,78.30,85.50 
61,29.00,37.10,44.80,53.40,72.50,79.60,86.90 
62,29.40,37.70,45.50,54.20,73.70,80.90,88.30 
63,29.80,38.20,46.20,55.00,74.90,82.20,89.70 
64,30.20,38.70,47.00,55.80,76.10,83.50,91.20 
65,30.60,39.20,47.80,56.50,77.30,84.80,92.60 
66,31.10,39.80,48.40,57.30,78.50,86.00,94.10 
67,31.60,40.30,49.00,58.10,79.70,87.20,95.50 
68,32.00,40.80,49.60,58.90,80.90,88.40,97.00 
69,32.40,41.30,50.20,59.70,82.10,89.60,98.50 
70,32.80,42.10,51.10,60.60,83.30,90.80,100.10 
71,33.20,42.80,51.70,61.30,84.50,92.10,101.60 
72,33.60,43.60,52.60,62.10,85.70,93.40,103.10 
73,34.00,44.30,53.50,62.90,86.80,94.80,104.60 
74,34.40,44.90,54.40,63.90,87.90,96.20,106.10 
75,34.80,45.50,55.20,64.90,89.00,97.60,107.50 
76,35.20,46.00,55.90,66.00,90.10,99.00,108.90 
77,35.60,46.60,56.60,66.90,91.20,100.40,110.30 
78,36.10,47.30,57.30,67.80,92.40,101.80,111.70 
79,36.60,47.80,58.10,68.70,93.50,103.30,113.00 
80,37.00,48.30,58.70,69.50,94.60,104.70,114.20 
81,37.40,48.80,59.30,70.30,95.70,106.00,115.40 
82,37.80,49.40,59.90,71.30,96.80,107.30,116.60 
83,38.20,50.10,60.60,72.10,97.90,108.60,117.80 
84,38.60,50.60,61.30,72.90,99.00,109.90,119.10 
85,39.00,51.10,62.00,73.70,100.10,111.20,120.60 
86,39.40,51.60,62.70,74.50,101.20,112.40,121.90 
87,39.80,52.10,63.50,75.40,102.30,113.80,123.40 
88,40.20,52.70,64.20,76.30,103.40,115.10,124.80 
89,40.60,53.30,64.90,77.20,104.50,116.40,126.20 
90,41.00,53.80,65.60,78.00,105.60,117.50,127.60 
91,41.40,54.30,66.20,78.90,106.70,118.80,129.10 
92,41.80,54.80,66.80,79.80,107.80,120.00,130.60 
93,42.20,55.40,67.40,80.60,108.90,121.10,132.00 
94,42.70,56.00,68.10,81.40,110.00,122.20,133.20 
95,43.10,56.50,68.80,82.20,111.10,123.30,134.50 
96,43.50,57.00,69.50,83.10,112.30,124.50,135.80 
97,43.90,57.50,70.20,83.90,113.50,125.80,137.20 
98,44.30,58.10,70.90,84.70,114.70,127.20,138.60 
99,44.70,58.70,71.60,85.50,115.90,128.70,140.00 
100,45.20,59.30,72.30,86.30,117.10,130.10,141.40 
101,45.60,59.80,73.00,87.10,118.30,131.40,142.80 
102,46.00,60.30,73.80,88.10,119.50,132.50,144.20 
103,46.50,60.80,74.40,88.90,120.70,133.60,145.60 
104,46.90,61.30,75.00,89.70,121.90,134.70,147.10 
105,47.30,61.80,75.60,90.50,123.10,135.80,148.60 
106,47.70,62.40,76.20,91.30,124.20,137.10,150.10 
107,48.20,63.10,76.90,92.00,125.30,138.50,151.60 
108,48.60,63.80,77.60,92.80,126.40,139.90,153.00 
109,49.00,64.50,78.30,93.50,127.50,141.10,154.20 
110,49.40,65.20,79.10,94.20,128.60,142.20,155.40 
111,49.80,65.70,79.80,95.00,129.70,143.30,156.60 
112,50.20,66.20,80.40,95.80,130.80,144.20,157.90 
113,50.60,66.70,81.00,96.80,131.90,145.10,159.30 
114,51.00,67.20,81.60,97.80,133.00,145.90,160.80 
115,51.40,67.70,82.20,98.80,134.10,146.70,162.20 
116,51.80,68.10,82.90,99.60,135.20,147.70,163.60 
117,52.20,68.70,83.60,100.40,136.30,148.70,165.00 
118,52.60,69.20,84.40,101.20,137.40,149.70,166.40 
119,53.00,69.70,85.10,102.00,138.50,150.90,167.80 
120,53.40,70.20,85.80,102.80,139.60,152.20,169.20 
121,53.90,70.70,86.50,103.70,140.80,153.30,170.60 
122,54.30,71.20,87.20,104.50,142.00,154.40,171.90 
123,54.70,71.70,87.80,105.30,143.20,155.60,173.20 
124,55.10,72.20,88.40,106.10,144.40,156.70,174.60 
125,55.50,72.70,89.10,106.90,145.60,157.80,176.00 
126,55.90,73.20,89.80,107.70,146.80,159.00,177.40 
127,56.30,73.70,90.50,108.50,148.00,160.20,178.80 
128,56.80,74.20,91.10,109.30,149.20,161.50,180.20 
129,57.20,74.70,91.70,110.10,150.40,162.80,181.60 
130,57.60,75.20,92.40,110.90,151.60,164.20,183.00 
131,58.00,75.80,93.10,111.70,152.80,165.40,184.40 
132,58.40,76.40,93.80,112.50,154.00,166.70,185.80 
133,58.80,77.00,94.50,113.30,155.20,167.90,187.20 
134,59.30,77.60,95.20,114.10,156.40,169.10,188.60 
135,59.80,78.30,95.90,114.90,157.60,170.50,190.00 
136,60.20,78.90,96.60,115.70,158.80,171.70,191.40 
137,60.60,79.50,97.30,116.50,160.00,173.10,192.90 
138,61.00,80.10,98.00,117.30,161.10,174.40,194.50 
139,61.40,80.70,98.70,118.10,162.20,175.70,196.10 
140,61.80,81.30,99.40,118.90,163.30,177.00,197.70 
141,62.30,81.80,100.20,119.70,164.40,178.30,199.30 
142,62.70,82.30,100.90,120.50,165.50,179.60,200.90 
143,63.10,82.80,101.50,121.30,166.50,180.90,202.50 
144,63.50,83.40,102.10,122.10,167.50,182.20,204.10 
145,63.90,84.00,102.70,123.00,168.60,183.50,205.70 
146,64.30,84.50,103.30,123.90,169.60,184.80,207.30 
147,64.70,85.00,103.90,124.80,170.70,186.10,208.90 
148,65.20,85.50,104.50,125.70,171.70,187.40,210.50 
149,65.70,86.00,105.20,126.60,172.70,188.70,212.10 
150,66.20,86.80,105.90,127.50,173.80,190.00,213.70 
Multiplier,0.46,0.59,0.72,0.86,1.17,1.28,1.44 
