Exceed,20
Letter,14
1,22.25
2,24
3,26.25
4,28.25
5,30.25
6,32.75
7,34.75
8,36.75
9,38.75
10,40.75
11,42.5
12,44.25
13,46.25
14,48
15,50
16,51.5
17,53
18,54.5
19,56
20,57.5
21,59
22,60.25
23,61.5
24,62.75
25,64.25
26,66.25
27,67.75
28,69.25
29,70.75
30,72.5
31,74.25
32,76
33,77.75
34,79.5
35,81.25
36,83
37,85
38,86.75
39,88.5
40,90.25
41,92.25
42,94
43,95.5
44,97
45,98.75
46,100.5
47,102.5
48,104
49,105.5
50,107.25
51,109
52,111
53,112.75
54,114.75
55,116.5
56,118.75
57,121
58,123
59,125.25
60,127.5
61,129.75
62,132
63,134.5
64,137
65,139.25
66,141.5
67,143.75
68,146.25
69,148.5
70,151
71,153.75
72,156.25
73,158.75
74,161.25
75,164
76,166.25
77,168.5
78,171
79,173.25
80,175.5
81,177.75
82,180.25
83,182.5
84,184.5
85,186.75
86,189.25
87,191.25
88,193.5
89,195.5
90,198
91,200
92,202.25
93,204.25
94,206.75
95,209
96,211
97,213.25
98,215.5
99,217.75
100,219.75
101,222
102,224.5
103,226.75
104,228.75
105,230.75
106,233.25
107,235.5
108,237.5
109,239.5
110,242
111,244.25
112,246.25
113,248.5
114,250.75
115,252.75
116,254.75
117,257
118,259.25
119,261.25
120,263.5
121,265.5
122,267.75
123,269.75
124,272
125,274.25
126,276.5
127,278.5
128,280.75
129,282.75
130,285
131,287.25
132,289.25
133,291.25
134,293.5
135,295.75
136,297.75
137,300
138,302.5
139,304.5
140,306.5
141,308.5
142,311
143,313
144,315.25
145,317.5
146,319.75
147,321.75
148,324
149,326.25
150,328.75
Multiplier,2.2
