Exceed,22,24
Letter,42.75,44.25
1,48,53.5
2,50.25,56
3,52.5,58.5
4,54.5,61
5,56.5,63.25
6,58.25,65.75
7,60.25,68.25
8,62.25,70.5
9,64,72.75
10,65.75,75
11,67.5,77.25
12,69.5,79.25
13,71.25,81.25
14,73,83.25
15,74.75,85.25
16,76.5,87.5
17,78.25,89.25
18,79.5,91
19,80.75,92.5
20,82.25,94.5
21,83.75,96
22,85.25,97.75
23,87,99.25
24,88.5,100.75
25,89.75,102.25
26,91,104.25
27,92.25,106
28,93.5,107.75
29,95.25,109.5
30,96.5,111.5
31,98,113.75
32,99.5,115.5
33,100.75,117.25
34,102.25,119.25
35,103.75,121.5
36,105.25,123.5
37,106.75,125.5
38,108,127.5
39,109.5,129.75
40,111,131.75
41,112.75,133.75
42,114.25,135.75
43,115.75,137.5
44,117.25,139.5
45,119,141.5
46,120.75,143.5
47,122.25,145.25
48,123.75,147.25
49,125.25,149
50,127,151
51,128.5,153
52,130.25,155
53,131.75,157.25
54,133.25,159.5
55,135,161.5
56,136.5,163.75
57,138.25,166.5
58,140,168.75
59,141.75,171.25
60,143.75,174
61,145.5,176.5
62,147.75,179.25
63,150,182.25
64,152,184.75
65,154,187.25
66,156.25,190
67,158.5,192.75
68,160.5,195.25
69,162.5,198
70,165,200.75
71,167.25,203.25
72,169.25,205.75
73,171.5,208.5
74,173.75,211.25
75,176,213.75
76,178.25,216.25
77,180.25,219
78,182.5,221.5
79,184.75,224
80,187,227
81,189,229.5
82,191.5,232
83,193.5,234.75
84,195.75,237.25
85,198,239.75
86,200.25,242.25
87,202.25,245
88,204.25,247.25
89,206.25,249.75
90,208.75,252.75
91,211,255.25
92,213,257.75
93,215,260.25
94,217.25,263
95,219.5,265.5
96,221.75,268.25
97,223.75,271
98,226,273.25
99,228.25,275.5
100,230.5,277.75
101,232.75,280.25
102,235,282.5
103,237,284.75
104,239.25,287.25
105,241.5,289.75
106,244,292.25
107,246,294.5
108,248,297.25
109,250.25,299.75
110,252.75,302.25
111,254.75,304.75
112,256.75,307.25
113,258.75,309.5
114,261.25,311.75
115,263.5,314.5
116,265.5,316.75
117,267.5,319.25
118,270,322
119,272,324.5
120,274.25,327
121,276.25,329.5
122,278.5,332
123,280.5,334.25
124,282.75,336.75
125,285,339.75
126,287.5,342.25
127,289.5,344.5
128,291.5,346.75
129,293.25,349.5
130,295,352
131,297.25,354.25
132,299,357
133,301,359.5
134,302.75,362
135,304.75,364.5
136,306.75,367
137,308.75,369.5
138,310.5,372
139,312.25,374.5
140,314.25,376.75
141,316,379.25
142,318,381.5
143,319.75,384.25
144,322,386.75
145,324,389.25
146,325.75,391.5
147,327.5,394.25
148,329.5,396.75
149,331.75,399.25
150,333.5,402
Multiplier,2.04,2.5
