Exceed,22,24,26
Letter,14.25,15.75,21.5
1,19.5,25,35.25
2,21.75,27.5,37.75
3,24,30,40.5
4,26,32.5,42.75
5,28,34.75,45
6,29.75,37.25,47.5
7,31.75,39.75,50
8,33.75,42,52.25
9,35.5,44.25,54.5
10,37.25,46.5,56.75
11,39,48.75,59
12,41,50.75,61
13,42.75,52.75,63
14,44.5,54.75,65
15,46.25,56.75,67.25
16,48,59,69.25
17,49.75,60.75,71
18,51,62.5,72.75
19,52.25,64,74.25
20,53.75,66,76.25
21,55.25,67.5,77.75
22,56.75,69.25,79.5
23,58.5,70.75,81
24,60,72.25,82.5
25,61.25,73.75,84.25
26,62.5,75.75,86
27,63.75,77.5,87.75
28,65,79.25,89.5
29,66.75,81,91.25
30,68,83,93.5
31,69.5,85.25,95.5
32,71,87,97.25
33,72.25,88.75,99
34,73.75,90.75,101.25
35,75.25,93,103.25
36,76.75,95,105.25
37,78.25,97,107.25
38,79.5,99,109.25
39,81,101.25,111.5
40,82.5,103.25,113.5
41,84.25,105.25,115.5
42,85.75,107.25,117.5
43,87.25,109,119.5
44,88.75,111,121.25
45,90.5,113,123.25
46,92.25,115,125.25
47,93.75,116.75,127.25
48,95.25,118.75,129
49,96.75,120.5,130.75
50,98.5,122.5,132.75
51,100,124.5,134.75
52,101.75,126.5,137
53,103.25,128.75,139
54,104.75,131,141.25
55,106.5,133,143.25
56,108,135.25,145.75
57,109.75,138,148.25
58,111.5,140.25,150.5
59,113.25,142.75,153
60,115.25,145.5,155.75
61,117,148,158.25
62,119.25,150.75,161
63,121.5,153.75,164
64,123.5,156.25,166.5
65,125.5,158.75,169
66,127.75,161.5,172
67,130,164.25,174.5
68,132,166.75,177
69,134,169.5,180
70,136.5,172.25,182.5
71,138.75,174.75,185
72,140.75,177.25,187.5
73,143,180,190.25
74,145.25,182.75,193
75,147.5,185.25,195.5
76,149.75,187.75,198.25
77,151.75,190.5,200.75
78,154,193,203.25
79,156.25,195.5,206
80,158.5,198.5,208.75
81,160.5,201,211.25
82,163,203.5,213.75
83,165,206.25,216.5
84,167.25,208.75,219
85,169.5,211.25,221.5
86,171.75,213.75,224.25
87,173.75,216.5,226.75
88,175.75,218.75,229
89,177.75,221.25,231.5
90,180.25,224.25,234.5
91,182.5,226.75,237
92,184.5,229.25,239.5
93,186.5,231.75,242.25
94,188.75,234.5,244.75
95,191,237,247.25
96,193.25,239.75,250.25
97,195.25,242.5,252.75
98,197.5,244.75,255
99,199.75,247,257.25
100,202,249.25,259.75
101,204.25,251.75,262
102,206.5,254,264.25
103,208.5,256.25,266.5
104,210.75,258.75,269
105,213,261.25,271.5
106,215.5,263.75,274
107,217.5,266,276.5
108,219.5,268.75,279
109,221.75,271.25,281.5
110,224.25,273.75,284
111,226.25,276.25,286.5
112,228.25,278.75,289
113,230.25,281,291.25
114,232.75,283.25,293.75
115,235,286,296.25
116,237,288.25,298.5
117,239,290.75,301
118,241.5,293.5,303.75
119,243.5,296,306.25
120,245.75,298.5,308.75
121,247.75,301,311.5
122,250,303.5,313.75
123,252,305.75,316
124,254.25,308.25,318.5
125,256.5,311.25,321.5
126,259,313.75,324
127,261,316,326.25
128,263,318.25,328.75
129,264.75,321,331.25
130,266.5,323.5,333.75
131,268.75,325.75,336
132,270.5,328.5,338.75
133,272.5,331,341.25
134,274.25,333.5,343.75
135,276.25,336,346.5
136,278.25,338.5,348.75
137,280.25,341,351.25
138,282,343.5,353.75
139,283.75,346,356.25
140,285.75,348.25,358.5
141,287.5,350.75,361
142,289.5,353,363.5
143,291.25,355.75,366
144,293.5,358.25,368.5
145,295.5,360.75,371
146,297.25,363,373.5
147,299,365.75,376
148,301,368.25,378.5
149,303.25,370.75,381.25
150,305,373.5,383.75
Multiplier,2.04,2.5,2.57
