Exceed,2,3
1,4.51,4.7
2,4.61,4.83
3,4.71,4.97
4,4.82,5.1
5,4.95,5.25
6,5.07,5.39
7,5.19,5.53
8,5.33,5.68
9,5.46,5.82
10,5.61,5.97
11,5.75,6.11
12,5.91,6.26
13,6.06,6.41
14,6.21,6.57
15,6.36,6.73
16,6.5,6.9
17,6.65,7.06
18,6.8,7.24
19,6.96,7.42
20,7.11,7.62
21,7.27,7.81
22,7.42,8.01
23,7.58,8.2
24,7.74,8.4
25,7.91,8.6
26,8.07,8.8
27,8.24,9
28,8.4,9.19
29,8.57,9.39
30,8.72,9.59
31,8.89,9.78
32,9.05,9.98
33,9.21,10.17
34,9.38,10.37
35,9.54,10.57
36,9.71,10.76
37,9.87,10.96
38,10.04,11.15
39,10.2,11.36
40,10.37,11.56
41,10.52,11.75
42,10.69,11.95
43,10.85,12.14
44,11.02,12.34
45,11.18,12.53
46,11.35,12.73
47,11.51,12.93
48,11.68,13.13
49,11.84,13.33
50,12,13.52
51,12.16,13.72
52,12.33,13.92
53,12.49,14.11
54,12.66,14.31
55,12.82,14.5
56,12.99,14.7
57,13.15,14.9
58,13.32,15.09
59,13.48,15.29
60,13.65,15.48
61,13.8,15.68
62,13.97,15.89
63,14.13,16.08
64,14.3,16.28
65,14.46,16.47
66,14.63,16.67
67,14.79,16.87
68,14.96,17.06
69,15.12,17.27
70,15.29,17.47
71,17.35,19.54
72,19.41,21.6
73,21.47,23.66
74,23.54,25.72
75,25.6,27.78
76,26.63,28.81
77,27.4,29.59
78,27.92,30.1
79,28.43,30.62
80,28.95,31.13
81,29.41,31.6
82,29.88,32.06
83,30.29,32.53
84,30.7,32.99
85,31.11,33.45
86,31.52,33.87
87,31.91,34.28
88,32.29,34.68
89,32.66,35.08
90,33.02,35.47
91,33.37,35.87
92,33.71,36.26
93,34.04,36.65
94,34.37,37.03
95,34.7,37.42
96,35.03,37.8
97,35.36,38.19
98,35.69,38.57
99,36.02,38.95
100,36.35,39.34
101,36.68,39.72
102,37.01,40.1
103,37.34,40.49
104,37.67,40.87
105,38,41.25
106,38.33,41.64
107,38.66,42.02
108,38.99,42.4
109,39.32,42.78
110,39.65,43.17
111,39.98,43.56
112,40.31,43.94
113,40.64,44.32
114,40.97,44.7
115,41.3,45.08
116,41.63,45.48
117,41.96,45.86
118,42.29,46.24
119,42.62,46.62
120,42.95,47
121,43.28,47.38
122,43.61,47.77
123,43.94,48.16
124,44.27,48.54
125,44.6,48.92
126,44.93,49.3
127,45.26,49.69
128,45.59,50.07
129,45.92,50.45
130,46.25,50.84
131,46.58,51.22
132,46.91,51.61
133,47.24,52
134,47.57,52.39
135,47.9,52.79
136,48.23,53.18
137,48.56,53.57
138,48.89,53.96
139,49.23,54.35
140,49.57,54.74
141,49.91,55.14
142,50.25,55.53
143,50.59,55.92
144,50.93,56.31
145,51.27,56.7
146,51.61,57.09
147,51.95,57.49
148,52.29,57.88
149,52.63,58.27
150,52.97,58.66
