Exceed,51,52,53,54,55,56
1,8.65,8.70,8.80,13.95,14.05,14.15
2,9.40,9.45,9.65,14.80,14.90,15.05
3,10.05,10.15,10.45,15.70,15.80,15.90
4,10.80,10.85,11.20,16.55,16.65,16.75
5,11.50,11.60,11.95,17.35,17.45,17.60
6,12.20,12.25,12.75,18.10,18.20,18.55
7,12.90,12.95,13.65,18.85,18.95,19.40
8,13.50,13.55,14.50,19.60,19.75,20.40
9,14.10,14.25,15.35,20.35,20.50,21.40
10,14.80,14.95,16.10,21.10,21.35,22.35
11,15.35,15.65,16.90,21.90,22.20,23.35
12,15.95,16.35,17.65,22.70,23.05,24.35
13,16.55,17.05,18.50,23.50,23.95,25.40
14,17.10,17.70,19.25,24.35,24.90,26.45
15,17.80,18.50,20.05,25.25,25.80,27.55
16,18.45,19.15,20.85,26.10,26.80,28.60
17,19.15,19.80,21.65,27.05,27.70,29.60
18,19.90,20.55,22.45,27.95,28.70,30.60
19,20.55,21.25,23.15,28.95,29.65,31.60
20,21.20,21.95,23.95,29.90,30.65,32.65
21,21.85,22.65,24.70,30.90,31.55,33.60
22,22.50,23.30,25.50,31.85,32.50,34.65
23,23.20,24.05,26.30,32.80,33.45,35.70
24,23.85,24.70,27.10,33.70,34.45,36.65
25,24.55,25.40,27.95,34.70,35.40,37.70
26,25.25,26.05,28.70,35.70,36.35,38.65
27,25.90,26.70,29.50,36.60,37.25,39.65
28,26.50,27.30,30.25,37.50,38.25,40.65
29,27.15,27.95,30.95,38.40,39.25,41.70
30,27.75,28.60,31.75,39.35,40.20,42.75
31,28.35,29.25,32.45,40.20,41.20,43.75
32,28.95,29.95,33.25,41.15,42.10,44.80
33,29.55,30.65,34.00,42.05,43.10,45.85
34,30.15,31.35,34.75,42.90,44.05,46.95
35,30.85,32.05,35.60,43.75,45.05,48.05
36,31.45,32.70,36.40,44.65,45.90,49.15
37,32.10,33.45,37.25,45.50,46.85,50.30
38,32.70,34.15,38.00,46.35,47.75,51.35
39,33.30,34.80,38.75,47.10,48.70,52.45
40,34.00,35.55,39.50,47.90,49.65,53.60
41,34.55,36.25,40.15,48.75,50.60,54.70
42,35.15,36.95,40.85,49.50,51.55,55.85
43,35.75,37.55,41.55,50.35,52.50,57.00
44,36.30,38.15,42.20,51.10,53.50,58.10
45,36.90,38.85,42.95,51.95,54.45,59.20
46,37.50,39.45,43.65,52.70,55.45,60.25
47,38.05,40.05,44.35,53.55,56.40,61.40
48,38.65,40.75,45.05,54.35,57.35,62.55
49,39.30,41.40,45.70,55.15,58.25,63.65
50,39.90,42.05,46.45,55.95,59.25,64.80
52,41.15,43.10,47.60,57.15,61.10,66.65
54,42.30,44.00,48.80,58.25,62.85,68.50
56,43.40,44.95,49.95,59.45,64.55,70.35
58,44.30,45.75,51.05,60.65,66.25,72.20
60,45.20,46.50,52.20,61.80,67.95,74.05
62,46.00,47.20,53.20,63.00,69.65,75.90
64,46.85,47.90,54.30,64.20,71.35,77.75
66,47.55,48.60,55.35,65.35,73.00,79.60
68,48.30,49.25,56.35,66.55,74.65,81.45
70,49.05,49.90,57.45,67.75,76.25,83.30
72,49.80,51.15,58.65,68.90,77.90,85.90
74,50.50,52.40,59.90,70.35,79.60,88.40
76,51.20,53.65,61.15,71.80,81.40,90.90
78,51.95,54.85,62.35,73.35,83.20,93.25
80,52.60,56.10,63.55,75.00,85.05,95.60
82,53.20,57.35,64.75,76.75,87.00,98.00
84,53.85,58.55,65.90,78.60,88.90,100.35
86,54.45,59.80,67.15,80.40,90.85,102.65
88,55.10,61.05,68.40,82.20,92.90,105.00
90,55.75,62.25,69.60,84.05,94.95,107.30
92,56.35,63.50,70.85,85.90,97.00,109.60
94,57.05,64.75,72.10,87.75,99.05,111.95
96,57.70,65.95,73.30,89.60,101.10,114.30
98,58.35,67.20,74.55,91.45,103.20,116.65
100,59.05,68.45,75.80,93.30,105.25,119.05
105,62.15,72.15,81.15,97.95,110.70,124.95
110,64.50,75.85,86.45,102.55,116.15,130.85
115,66.75,79.55,91.25,107.20,121.60,136.80
120,68.85,83.25,95.80,111.85,127.05,142.70
125,70.85,86.85,100.10,116.45,132.50,148.60
130,72.70,89.50,103.85,121.10,137.95,154.55
135,74.60,92.20,107.60,126.25,143.40,160.45
140,76.45,94.85,111.35,131.40,148.85,166.35
145,78.30,97.55,115.10,136.50,154.20,172.25
150,80.15,100.20,118.80,141.65,159.35,178.15
151-199,0.50,0.67,0.79,0.94,1.06,1.19
