Exceed,2,3,4,5,6,7,8,44,45,46
1,3.62,3.71,3.82,3.98,4.19,4.25,4.36,13.57,13.57,24.58 
2,3.67,3.89,4.27,4.34,4.67,4.78,5.07,15.15,15.15,26.06 
3,3.70,4.07,4.49,4.64,4.98,5.15,5.62,16.55,16.55,27.46 
4,3.88,4.22,4.74,4.93,5.28,5.45,5.98,18.03,18.03,29.04 
5,4.06,4.29,4.97,5.17,5.52,5.75,6.35,19.78,19.78,30.79 
6,4.14,4.49,5.07,5.35,5.71,5.99,6.59,21.53,21.53,32.45 
7,4.38,4.62,5.20,5.53,5.93,6.23,6.88,23.10,23.10,34.02 
8,4.54,4.77,5.33,5.67,6.13,6.53,7.36,24.77,24.77,35.60 
9,4.69,4.92,5.45,5.81,6.29,6.88,7.84,26.60,26.60,37.35 
10,4.85,4.95,5.58,5.97,6.55,7.37,8.38,28.27,28.27,39.01 
11,5.01,5.19,5.69,6.14,6.83,7.90,8.97,30.02,30.02,40.67 
12,5.16,5.36,5.81,6.30,7.14,8.43,9.64,31.50,31.50,42.42 
13,5.33,5.53,5.92,6.44,7.49,8.96,10.28,32.90,32.90,43.82 
14,5.44,5.70,6.03,6.59,7.90,9.49,10.93,34.39,34.39,45.22 
15,5.58,5.89,6.14,6.74,8.32,10.03,11.57,35.79,35.79,46.62 
16,5.65,6.04,6.28,6.94,8.71,10.53,12.18,37.45,37.45,48.11 
17,5.74,6.24,6.47,7.22,9.15,11.04,12.82,39.02,39.02,49.68 
18,5.84,6.44,6.69,7.58,9.58,11.55,13.47,40.77,40.77,51.43 
19,5.98,6.66,6.94,7.93,10.02,12.06,14.13,42.44,42.44,53.09 
20,6.11,6.88,7.18,8.30,10.46,12.57,14.78,44.01,44.01,54.67 
21,6.25,7.09,7.41,8.65,10.89,13.07,15.43,45.32,45.32,56.24 
22,6.39,7.30,7.67,8.98,11.33,13.58,16.07,46.72,46.72,57.64 
23,6.55,7.52,7.92,9.30,11.76,14.08,16.72,48.29,48.29,59.04 
24,6.71,7.71,8.18,9.60,12.20,14.60,17.37,49.87,49.87,60.61 
25,6.86,7.92,8.44,9.89,12.64,15.12,18.02,51.44,51.44,62.28 
26,7.03,8.11,8.69,10.20,13.08,15.59,18.64,53.19,53.19,63.85 
27,7.19,8.28,8.93,10.50,13.52,16.07,19.26,54.68,54.68,65.51 
28,7.34,8.47,9.20,10.81,13.95,16.55,19.90,56.16,56.16,67.17 
29,7.50,8.66,9.46,11.13,14.39,17.08,20.53,57.74,57.74,68.57 
30,7.67,8.87,9.74,11.46,14.83,17.62,21.18,59.14,59.14,69.97 
31,7.82,9.05,9.99,11.77,15.26,18.15,21.82,60.63,60.63,71.28 
32,7.89,9.25,10.25,12.10,15.69,18.68,22.47,61.94,61.94,72.60 
33,8.05,9.45,10.52,12.43,16.11,19.22,23.11,63.25,63.25,74.08 
34,8.19,9.66,10.77,12.75,16.54,19.75,23.75,64.65,64.65,75.48 
35,8.34,9.88,11.04,13.07,16.97,20.29,24.40,66.23,66.23,76.79 
36,8.48,10.07,11.28,13.39,17.39,20.82,25.03,67.80,67.80,78.19 
37,8.64,10.28,11.54,13.72,17.78,21.35,25.66,69.38,69.38,79.59 
38,8.77,10.47,11.79,14.05,18.18,21.88,26.28,71.03,71.03,80.99 
39,8.90,10.68,12.05,14.36,18.58,22.41,26.88,72.43,72.43,82.39 
40,9.03,10.91,12.31,14.69,18.98,22.95,27.49,74.10,74.10,83.97 
41,9.16,11.09,12.55,15.01,19.37,23.48,28.09,75.67,75.67,85.45 
42,9.29,11.29,12.80,15.33,19.74,24.01,28.70,77.25,77.25,87.03 
43,9.42,11.50,13.05,15.66,20.12,24.53,29.30,78.82,78.82,88.60 
44,9.56,11.69,13.28,15.98,20.47,25.05,29.91,80.40,80.40,90.18 
45,9.65,11.89,13.52,16.31,20.83,25.58,30.52,81.97,81.97,91.75 
46,9.75,12.09,13.72,16.61,21.15,26.04,31.08,83.54,83.54,93.24 
47,9.84,12.26,13.94,16.91,21.45,26.51,31.64,85.12,85.12,95.60 
48,9.94,12.43,14.15,17.20,21.76,26.98,32.16,86.60,86.60,96.21 
49,10.03,12.59,14.36,17.49,22.05,27.42,32.63,88.09,88.09,97.79 
50,10.12,12.73,14.55,17.76,22.34,27.86,33.07,89.57,89.57,99.36 
51,10.22,12.85,14.75,18.02,22.61,28.28,33.49,91.07,91.07,100.93 
52,10.32,12.97,14.94,18.26,22.88,28.62,33.91,92.55,92.55,102.33 
53,10.41,13.10,15.11,18.51,23.15,28.94,34.26,93.95,93.95,103.82 
54,10.51,13.21,15.30,18.73,23.43,29.19,34.58,95.44,95.44,105.31 
55,10.60,13.33,15.46,18.97,23.69,29.40,34.85,96.92,96.92,106.79 
56,10.69,13.45,15.63,19.19,23.97,29.56,35.09,98.41,98.41,108.28 
57,10.78,13.58,15.79,19.41,24.23,29.73,35.32,99.99,99.99,109.77 
58,10.89,13.70,15.94,19.62,24.49,29.89,35.57,101.47,101.47,111.26 
59,10.98,13.81,16.08,19.81,24.72,30.07,35.81,103.04,103.04,112.83 
60,11.08,13.92,16.23,19.95,24.94,30.23,36.05,104.62,104.62,114.40 
61,11.18,14.03,16.37,20.09,25.16,30.40,36.29,106.37,106.37,116.15 
62,11.27,14.14,16.50,20.22,25.34,30.59,36.53,108.12,108.12,117.90 
63,11.37,14.25,16.62,20.36,25.50,30.76,36.77,109.87,109.87,119.65 
64,11.47,14.35,16.73,20.49,25.68,30.94,37.00,111.71,111.71,121.40 
65,11.56,14.45,16.85,20.63,25.84,31.12,37.25,113.54,113.54,123.06 
66,11.65,14.55,16.97,20.77,26.00,31.29,37.48,115.29,115.29,124.81 
67,11.75,14.66,17.09,20.90,26.18,31.47,37.73,117.04,117.04,126.56 
68,11.83,14.77,17.20,21.03,26.33,31.65,37.96,118.71,118.71,128.31 
69,11.92,14.88,17.31,21.18,26.49,31.83,38.21,120.45,120.45,130.06 
70,12.00,14.98,17.43,21.31,26.65,32.00,38.44,122.20,122.20,131.90 
71,17.35,19.53,21.75,23.86,28.84,33.71,39.89,124.30,124.30,133.47 
72,21.93,24.00,25.97,26.85,30.93,35.50,41.07,126.40,126.40,135.05 
73,25.79,27.74,29.57,29.83,32.98,37.30,41.96,128.50,128.50,136.62 
74,28.45,30.50,32.29,32.81,34.96,38.79,42.76,130.16,130.16,138.19 
75,29.90,31.95,34.09,34.60,36.81,39.98,43.45,131.65,131.65,139.77 
76,31.34,33.14,34.98,35.73,38.35,40.87,44.04,133.13,133.13,141.34 
77,32.59,34.23,35.77,36.68,39.57,41.47,44.53,134.62,134.62,142.92 
78,33.64,35.26,36.50,37.48,40.46,42.01,45.01,136.20,136.20,144.49 
79,34.50,36.27,37.17,38.14,41.07,42.56,45.49,137.68,137.68,146.07 
80,35.20,37.29,37.76,38.65,41.55,43.03,45.97,139.25,139.25,147.64 
81,35.85,37.83,38.30,39.13,42.04,43.51,46.44,140.83,140.83,149.39 
82,36.44,38.37,38.83,39.61,42.51,43.99,46.91,142.50,142.50,151.14 
83,36.99,38.88,39.35,40.09,42.99,44.47,47.38,144.07,144.07,152.89 
84,37.48,39.40,39.86,40.57,43.47,44.95,47.85,145.73,145.73,154.64 
85,37.96,39.89,40.36,41.05,43.95,45.43,48.32,147.39,147.39,156.13 
86,38.44,40.38,40.86,41.52,44.43,45.91,48.79,148.97,148.97,157.61 
87,38.92,40.87,41.35,41.99,44.91,46.39,49.26,150.63,150.63,159.10 
88,39.41,41.35,41.84,42.45,45.39,46.86,49.74,152.29,152.29,160.59 
89,39.89,41.84,42.31,42.93,45.87,47.34,50.22,153.87,153.87,162.07 
90,40.38,42.31,42.80,43.40,46.34,47.83,50.69,155.44,155.44,163.56 
91,40.87,42.80,43.27,43.88,46.81,48.31,51.17,157.10,157.10,165.05 
92,41.35,43.28,43.74,44.36,47.28,48.79,51.65,158.59,158.59,166.53 
93,41.84,43.77,44.20,44.84,47.75,49.27,52.13,160.16,160.16,168.02 
94,42.30,44.25,44.66,45.32,48.22,49.74,52.61,161.65,161.65,169.51 
95,42.78,44.72,45.09,45.79,48.69,50.21,53.09,163.22,163.22,171.08 
96,43.25,45.14,45.53,46.27,49.17,50.67,53.57,164.71,164.71,172.57 
97,43.73,45.57,45.98,46.75,49.63,51.14,54.06,166.29,166.29,174.14 
98,44.20,45.99,46.42,47.22,50.10,51.61,54.53,167.77,167.77,175.72 
99,44.68,46.41,46.87,47.69,50.57,52.08,55.01,169.34,169.34,177.29 
100,45.14,46.84,47.30,48.15,51.04,52.55,55.49,170.92,170.92,178.87 
101,45.57,47.25,47.73,48.57,51.51,53.02,55.96,172.49,172.49,180.53 
102,45.99,47.67,48.17,48.98,51.98,53.48,56.43,174.07,174.07,182.19 
103,46.41,48.10,48.60,49.40,52.44,53.95,56.90,175.64,175.64,183.85 
104,46.84,48.52,49.04,49.82,52.88,54.42,57.37,177.31,177.31,185.51 
105,47.25,48.93,49.46,50.24,53.32,54.89,57.83,178.88,178.88,187.00 
106,47.67,49.36,49.89,50.64,53.76,55.36,58.30,180.54,180.54,188.49 
107,48.10,49.78,50.33,51.05,54.20,55.84,58.77,182.21,182.21,190.06 
108,48.51,50.20,50.76,51.46,54.64,56.31,59.24,183.86,183.86,191.64 
109,48.91,50.62,51.19,51.87,55.07,56.77,59.71,185.44,185.44,193.39 
110,49.33,51.04,51.62,52.27,55.51,57.24,60.18,187.01,187.01,194.96 
111,49.74,51.46,52.05,52.67,55.95,57.70,60.64,188.68,188.68,196.53 
112,50.15,51.89,52.49,53.08,56.39,58.16,61.09,190.33,190.33,198.11 
113,50.56,52.30,52.92,53.48,56.83,58.62,61.55,192.00,192.00,199.77 
114,50.97,52.72,53.34,53.89,57.26,59.08,62.01,193.66,193.66,201.43 
115,51.38,53.15,53.78,54.30,57.70,59.54,62.47,195.32,195.32,203.09 
116,51.78,53.57,54.21,54.71,58.14,59.99,62.93,196.90,196.90,204.76 
117,52.20,53.98,54.65,55.11,58.58,60.45,63.40,198.47,198.47,206.42 
118,52.61,54.41,55.07,55.52,59.02,60.91,63.85,200.05,200.05,208.17 
119,53.02,54.83,55.50,55.93,59.45,61.38,64.31,201.97,201.97,209.92 
120,53.43,55.26,55.94,56.34,59.89,61.85,64.77,203.63,203.63,211.67 
121,53.84,55.67,56.37,56.74,60.33,62.32,65.24,205.38,205.38,213.33 
122,54.25,56.09,56.80,57.14,60.77,62.78,65.71,207.13,207.13,214.99 
123,54.67,56.52,57.23,57.55,61.21,63.25,66.18,208.88,208.88,216.74 
124,55.07,56.94,57.66,57.96,61.64,63.72,66.64,210.63,210.63,218.49 
125,55.48,57.36,58.10,58.36,62.08,64.19,67.11,212.38,212.38,220.24 
126,55.90,57.78,58.53,58.77,62.53,64.66,67.58,214.12,214.12,221.99 
127,56.31,58.20,58.95,59.18,62.98,65.13,68.05,215.87,215.87,223.74 
128,56.71,58.62,59.39,59.59,63.43,65.60,68.52,217.62,217.62,225.48 
129,57.12,59.05,59.82,59.99,63.87,66.07,68.99,219.37,219.37,227.23 
130,57.54,59.46,59.90,60.40,64.32,66.54,69.46,221.12,221.12,228.98 
131,57.95,59.88,59.93,60.81,64.77,67.01,69.92,222.87,222.87,230.65 
132,58.35,60.31,60.34,61.22,65.22,67.48,70.39,224.62,224.62,232.31 
133,58.77,60.73,60.77,61.62,65.67,67.95,70.86,226.37,226.37,233.97 
134,59.18,61.14,61.20,62.02,66.11,68.42,71.33,228.12,228.12,235.63 
135,59.59,61.57,61.63,62.43,66.56,68.89,71.80,229.87,229.87,237.29 
136,60.00,61.99,62.05,62.84,67.01,69.35,72.27,231.62,231.62,238.95 
137,60.41,62.41,62.48,63.24,67.46,69.82,72.75,233.37,233.37,240.62 
138,60.82,62.83,62.90,63.65,67.91,70.29,73.21,235.12,235.12,242.28 
139,61.24,63.25,63.33,64.06,68.36,70.76,73.68,236.87,236.87,243.94 
140,61.64,63.67,63.76,64.46,68.80,71.23,74.15,238.53,238.53,245.60 
141,62.05,64.10,64.18,64.87,69.25,71.70,74.62,240.19,240.19,247.18 
142,62.47,64.51,64.61,65.28,69.70,72.17,75.09,241.86,241.86,248.75 
143,62.87,64.93,65.04,65.69,70.15,72.63,75.56,243.51,243.51,250.32 
144,63.28,65.36,65.46,66.09,70.60,73.10,76.03,245.18,245.18,251.99 
145,63.69,65.78,65.88,66.50,71.04,73.57,76.49,246.93,246.93,253.65 
146,64.11,66.19,66.31,66.90,71.49,74.04,76.96,248.68,248.68,255.31 
147,64.51,66.62,66.74,67.31,71.94,74.52,77.43,250.43,250.43,256.97 
148,64.92,67.04,67.17,67.71,72.39,74.99,77.90,252.18,252.18,258.63 
149,65.34,67.47,67.60,68.12,72.84,75.46,78.37,253.93,253.93,260.30 
150,65.75,67.89,68.01,68.53,73.29,75.92,78.84,255.68,255.68,261.96 
