Exceed,18
Letter,10.9
1,11.7
2,13.4
3,15.2
4,17.1
5,19.1
6,21.2
7,23.4
8,25.5
9,27.6
10,29.5
11,31.6
12,33.5
13,35.2
14,36.7
15,38.3
16,39.6
17,41
18,42.3
19,43.5
20,44.8
21,46.1
22,47.5
23,48.7
24,49.9
25,51.3
26,52.6
27,54.1
28,55.6
29,57.1
30,58.7
31,60.1
32,61.7
33,63.1
34,64.6
35,66.2
36,67.5
37,69.1
38,70.5
39,72.1
40,73.6
41,74.9
42,76.3
43,77.5
44,78.7
45,80.1
46,81.6
47,83.1
48,84.6
49,86.3
50,87.7
51,88.9
52,90.2
53,91.4
54,92.5
55,93.8
56,95
57,96.2
58,97.5
59,98.7
60,100.1
61,101.6
62,103
63,104.5
64,105.7
65,107
66,108.2
67,109.4
68,110.9
69,112.2
70,113.7
71,115.4
72,116.9
73,118.5
74,119.8
75,121.1
76,122.3
77,123.6
78,125.2
79,126.7
80,128.2
81,129.5
82,131
83,132.6
84,133.9
85,135.5
86,137
87,138.6
88,140.2
89,141.7
90,143.4
91,145
92,146.7
93,148.3
94,149.8
95,151.1
96,152.5
97,154
98,155.3
99,156.7
100,158
101,159.4
102,160.9
103,162.2
104,163.8
105,165.3
106,166.7
107,168.2
108,169.7
109,171.3
110,172.9
111,174.8
112,176.4
113,178
114,179.3
115,180.9
116,182.4
117,184.2
118,185.7
119,187
120,188.6
121,190.1
122,191.7
123,193.2
124,194.9
125,196.4
126,198
127,199.5
128,201.1
129,202.7
130,204.2
131,205.8
132,207.3
133,208.9
134,210.5
135,212.4
136,214
137,215.6
138,216.9
139,218.4
140,220.1
141,221.8
142,223.4
143,224.9
144,226.5
145,228
146,229.6
147,231.1
148,232.9
149,234.7
150,236.5
Multiplier,1.59
