Exceed,14,16
Letter,9.3,16.3
1,10.4,21.6
2,12,23.3
3,13.6,24.8
4,15.2,26.5
5,17,28.2
6,18.9,30.1
7,20.8,31.9
8,22.6,33.8
9,24.5,35.6
10,26.4,37.5
11,28.2,39.2
12,29.9,40.9
13,31.4,42.4
14,32.8,43.7
15,34.2,45
16,35.5,46.3
17,36.7,47.6
18,37.9,48.7
19,38.9,49.7
20,39.9,50.7
21,41,51.8
22,42.2,53
23,43.3,54.1
24,44.5,55.3
25,45.8,56.6
26,47,57.9
27,48.4,59.2
28,49.7,60.5
29,51.2,62
30,52.5,63.3
31,53.8,64.6
32,55.2,66
33,56.5,67.3
34,57.9,68.7
35,59.2,70
36,60.5,71.3
37,61.9,72.6
38,63.2,73.9
39,64.5,75.2
40,65.9,76.6
41,67.1,77.8
42,68.2,79
43,69.3,80
44,70.4,81.1
45,71.6,82.4
46,73,83.7
47,74.3,85
48,75.7,86.4
49,77.1,87.7
50,78.3,88.9
51,79.6,90.2
52,80.6,91.2
53,81.6,92.2
54,82.7,93.3
55,83.8,94.4
56,84.9,95.5
57,86.1,96.7
58,87.1,97.7
59,88.1,98.7
60,89.4,100
61,90.8,101.4
62,92,102.6
63,93.4,104
64,94.5,105.1
65,95.5,106.1
66,96.6,107.2
67,97.8,108.4
68,99.1,109.7
69,100.5,111.1
70,101.8,112.4
71,103.1,113.7
72,104.5,115.1
73,105.7,116.3
74,106.9,117.5
75,108,118.7
76,109.2,119.9
77,110.5,121.2
78,111.8,122.5
79,113.1,123.8
80,114.5,125.3
81,115.8,126.6
82,117.1,128
83,118.5,129.3
84,119.7,130.5
85,121.1,131.9
86,122.4,133.2
87,123.7,134.5
88,125.2,136
89,126.5,137.3
90,128.1,138.9
91,129.7,140.5
92,131.1,142
93,132.4,143.2
94,133.7,144.5
95,135,145.8
96,136.3,147.1
97,137.4,148.2
98,138.6,149.4
99,139.9,150.7
100,141,151.8
101,142.4,153.2
102,143.7,154.5
103,145,155.9
104,146.3,157.1
105,147.6,158.4
106,148.9,159.7
107,150.2,161
108,151.5,162.3
109,153.1,163.9
110,154.7,165.5
111,156.2,167
112,157.5,168.3
113,158.8,169.6
114,160.2,171
115,161.5,172.3
116,163.1,173.9
117,164.6,175.4
118,165.9,176.7
119,167.2,178
120,168.4,179.2
121,169.7,180.6
122,171.3,182.1
123,172.6,183.4
124,174.2,185
125,175.5,186.3
126,176.7,187.6
127,178.2,189
128,179.7,190.5
129,181.1,191.9
130,182.4,193.2
131,183.7,194.7
132,185.3,196.2
133,186.6,197.5
134,188.2,199.1
135,189.8,200.7
136,191.3,202.2
137,192.5,203.4
138,193.8,204.7
139,195.2,206.1
140,196.7,207.6
141,198.3,209.2
142,199.6,210.5
143,200.8,211.6
144,202.2,213
145,203.5,214.3
146,205.1,215.9
147,206.5,217.3
148,208,218.9
149,209.6,220.4
150,211.1,221.9
Multiplier,1.42,1.49
