Exceed,2,3,4,5,6,7,8,9,10,11
1,5.35,5.41,5.46,5.52,5.57,5.62,5.67,8.83,15.99,9.10 
2,5.79,5.84,5.90,5.95,6.00,6.05,6.11,10.23,18.52,10.50 
3,6.70,6.82,6.98,7.03,7.08,7.13,7.24,11.72,21.21,11.90 
4,7.62,7.78,8.01,8.11,8.16,8.22,8.39,13.12,23.75,13.29 
5,8.60,8.81,9.03,9.25,9.30,9.35,9.52,14.69,26.60,14.87 
6,9.63,9.89,10.12,10.33,10.43,10.54,10.71,16.36,29.60,16.53 
7,10.71,11.03,11.20,11.41,11.57,11.68,11.90,18.02,32.61,18.19 
8,11.84,12.17,12.28,12.54,12.70,12.87,13.09,19.50,35.30,19.77 
9,12.98,13.25,13.41,13.68,13.85,14.06,14.27,21.17,38.31,21.43 
10,14.06,14.33,14.50,14.81,15.03,15.20,15.47,22.74,41.16,23.09 
11,15.09,15.35,15.58,15.90,16.17,16.28,16.61,24.32,44.01,24.67 
12,16.11,16.33,16.66,16.93,17.25,17.31,17.74,25.80,46.70,26.15 
13,17.09,17.25,17.74,18.01,18.28,18.34,18.82,27.29,49.39,27.46 
14,18.01,18.17,18.82,19.09,19.30,19.36,19.90,28.51,51.61,28.69 
15,18.92,19.09,19.90,20.12,20.38,20.45,20.98,29.65,53.67,29.91 
16,19.80,20.07,20.93,21.15,21.53,21.58,22.11,30.53,55.25,31.05 
17,20.65,21.03,21.91,22.17,22.71,22.76,23.26,31.40,56.83,32.10 
18,21.58,22.01,22.81,23.19,23.90,24.01,24.39,32.54,58.89,33.15 
19,22.49,22.99,23.69,24.22,25.04,25.31,25.52,33.76,61.11,34.02 
20,23.36,23.96,24.54,25.25,26.12,26.55,26.65,34.81,63.01,34.90 
21,24.17,24.92,25.47,26.28,27.20,27.74,27.79,35.77,64.75,35.86 
22,24.92,25.85,26.39,27.25,28.28,28.87,28.94,36.65,66.33,36.91 
23,25.69,26.71,27.30,28.23,29.36,29.95,30.07,37.52,67.92,37.87 
24,26.45,27.53,28.17,29.15,30.44,30.98,31.20,38.22,69.18,38.92 
25,27.25,28.28,29.04,30.02,31.47,31.96,32.29,39.18,70.92,40.06 
26,28.06,29.04,29.85,30.88,32.50,32.93,33.37,40.15,72.67,41.11 
27,28.87,29.79,30.61,31.74,33.52,33.91,34.40,41.02,74.25,42.33 
28,29.74,30.56,31.42,32.60,34.55,34.88,35.43,41.98,75.99,43.47 
29,30.56,31.31,32.23,33.47,35.53,35.85,36.44,43.03,77.89,44.78 
30,31.42,32.12,33.04,34.33,36.51,36.83,37.41,43.91,79.47,45.92 
31,32.23,32.99,33.85,35.20,37.47,37.80,38.39,44.87,81.21,47.06 
32,32.99,33.85,34.66,36.02,38.39,38.72,39.32,45.83,82.96,48.28 
33,33.74,34.66,35.48,36.77,39.27,39.58,40.17,46.97,85.01,49.42 
34,34.45,35.43,36.28,37.47,40.07,40.40,40.99,48.02,86.91,50.64 
35,35.10,36.13,37.10,38.24,40.83,41.15,41.80,48.89,88.50,51.78 
36,35.69,36.77,37.86,38.94,41.53,41.96,42.61,49.86,90.24,52.92 
37,36.28,37.36,38.67,39.64,42.18,42.78,43.36,51.08,92.45,54.14 
38,36.93,37.96,39.42,40.35,42.78,43.59,44.06,52.22,94.51,55.28 
39,37.53,38.61,40.17,41.05,43.36,44.39,44.77,53.35,96.57,56.41 
40,38.11,39.27,40.93,41.70,43.96,45.21,45.47,54.40,98.47,57.64 
41,38.72,39.90,41.63,42.39,44.56,46.02,46.17,55.45,100.37,58.69 
42,39.32,40.55,42.33,43.10,45.14,46.83,46.94,56.59,102.43,59.65 
43,39.90,41.20,43.04,43.80,45.75,47.64,47.75,57.81,104.64,60.61 
44,40.50,41.85,43.74,44.50,46.35,48.46,48.56,58.95,106.70,61.58 
45,41.10,42.51,44.44,45.21,46.94,49.26,49.42,60.18,108.92,62.62 
46,41.70,43.10,45.09,45.91,47.53,50.08,50.29,61.14,110.66,63.85 
47,42.28,43.69,45.75,46.55,48.18,50.88,51.16,62.19,112.56,64.99 
48,42.93,44.29,46.40,47.15,48.83,51.70,52.02,63.15,114.30,66.21 
49,43.59,44.88,47.05,47.75,49.48,52.51,52.89,64.11,116.04,67.44 
50,44.19,45.47,47.69,48.34,50.08,53.32,53.74,65.25,118.10,68.49 
51,44.77,46.02,48.34,48.99,50.67,54.07,54.62,66.30,120.00,69.62 
52,45.32,46.61,48.99,49.64,51.26,54.83,55.43,67.35,121.90,70.50 
53,45.85,47.20,49.64,50.29,51.91,55.59,56.23,68.49,123.96,71.37 
54,46.35,47.80,50.29,50.99,52.61,56.35,57.06,69.53,125.86,72.33 
55,46.83,48.40,50.94,51.75,53.32,57.11,57.86,70.58,127.76,73.30 
56,47.32,48.99,51.58,52.51,53.97,57.81,58.67,71.46,129.34,74.26 
57,47.86,49.59,52.24,53.27,54.72,58.51,59.42,72.60,131.40,75.31 
58,48.40,50.18,52.89,53.97,55.54,59.22,60.12,73.82,133.62,76.18 
59,48.88,50.72,53.48,54.62,56.35,59.92,60.83,74.96,135.67,77.06 
60,49.42,51.26,54.07,55.26,57.11,60.57,61.53,76.18,137.89,78.19 
61,49.91,51.75,54.62,55.85,57.86,61.20,62.18,77.32,139.95,79.42 
62,50.45,52.24,55.15,56.40,58.56,61.80,62.83,78.54,142.16,80.47 
63,50.94,52.73,55.64,56.88,59.22,62.40,63.43,79.68,144.22,81.69 
64,51.42,53.21,56.13,57.37,59.87,62.93,63.96,80.82,146.28,82.65 
65,51.91,53.69,56.56,57.86,60.45,63.48,64.51,82.04,148.50,83.53 
66,52.35,54.13,56.99,58.34,61.00,64.02,65.04,83.18,150.55,84.49 
67,52.78,54.62,57.37,58.89,61.60,64.56,65.59,84.40,152.77,85.54 
68,53.15,55.05,57.76,59.49,62.13,65.04,66.13,85.54,154.83,86.68 
69,53.53,55.54,58.07,60.07,62.61,65.54,66.67,86.68,156.89,87.90 
70,53.92,56.03,58.40,60.67,63.11,66.02,67.21,87.90,159.10,89.04 
71,54.29,56.45,58.67,61.20,63.59,66.45,67.75,89.21,161.48,90.18 
72,54.67,56.88,58.94,61.75,64.09,66.84,68.24,90.61,164.01,91.40 
73,55.05,57.32,59.22,62.30,64.56,67.21,68.73,91.93,166.39,92.45 
74,55.43,57.76,59.54,62.83,65.04,67.60,69.16,93.24,168.76,93.50 
75,55.80,58.19,59.87,63.32,65.54,67.98,69.59,94.46,170.98,94.46 
76,56.18,58.61,60.24,63.81,66.02,68.35,69.97,95.60,173.03,95.51 
77,56.62,59.04,60.62,64.29,66.51,68.73,70.35,96.74,175.09,96.65 
78,57.06,59.54,61.05,64.79,67.00,69.16,70.73,97.87,177.15,97.79 
79,57.53,60.07,61.48,65.22,67.48,69.59,71.17,99.01,179.21,98.92 
80,58.02,60.67,61.98,65.70,67.92,70.03,71.59,100.32,181.58,100.15 
81,58.56,61.27,62.46,66.19,68.41,70.46,72.08,101.46,183.64,101.28 
82,59.10,61.85,63.01,66.62,68.88,70.89,72.57,102.68,185.86,102.42 
83,59.69,62.46,63.54,67.10,69.38,71.32,73.11,103.82,187.92,103.65 
84,60.30,63.06,64.14,67.60,69.86,71.76,73.65,104.96,189.97,104.70 
85,60.83,63.59,64.73,68.03,70.30,72.25,74.24,106.18,192.19,105.92 
86,61.38,64.14,65.32,68.51,70.78,72.73,74.84,107.32,194.25,107.06 
87,61.90,64.62,65.92,69.00,71.27,73.28,75.44,108.46,196.31,108.19 
88,62.46,65.17,66.51,69.49,71.76,73.82,75.98,109.68,198.52,109.51 
89,63.01,65.70,67.10,69.97,72.25,74.36,76.52,110.82,200.58,110.64 
90,63.54,66.25,67.70,70.46,72.73,74.90,77.06,112.22,203.11,112.04 
91,64.09,66.78,68.29,70.94,73.21,75.44,77.60,113.53,205.49,113.44 
92,64.62,67.33,68.88,71.48,73.70,75.98,78.14,114.67,207.55,114.67 
93,65.17,67.87,69.49,72.08,74.19,76.52,78.69,115.89,209.76,115.80 
94,65.70,68.41,70.09,72.73,74.73,77.00,79.22,117.03,211.82,116.94 
95,66.25,68.95,70.68,73.43,75.27,77.54,79.77,118.08,213.72,118.08 
96,66.78,69.49,71.27,74.08,75.81,78.03,80.30,119.21,215.78,119.21 
97,67.33,70.03,71.87,74.67,76.35,78.51,80.85,120.35,217.84,120.18 
98,67.87,70.57,72.46,75.32,76.89,79.00,81.32,121.40,219.74,121.23 
99,68.41,71.11,73.05,75.92,77.43,79.49,81.87,122.54,221.79,122.36 
100,68.95,71.59,73.65,76.45,77.92,79.97,82.40,123.50,223.54,123.33 
101,69.49,72.08,74.19,76.95,78.41,80.41,82.95,124.73,225.75,124.55 
102,70.03,72.57,74.73,77.43,78.89,80.90,83.43,125.86,227.81,125.69 
103,70.57,73.05,75.27,77.86,79.39,81.32,83.98,127.00,229.87,126.82 
104,71.11,73.54,75.81,78.36,79.87,81.82,84.51,128.22,232.08,127.96 
105,71.65,74.03,76.35,78.79,80.35,82.25,85.01,129.36,234.14,129.10 
106,72.19,74.52,76.89,79.27,80.85,82.73,85.54,130.59,236.36,130.24 
107,72.73,75.00,77.43,79.77,81.32,83.23,86.03,131.72,238.42,131.37 
108,73.28,75.49,77.98,80.30,81.82,83.66,86.57,132.86,240.48,132.51 
109,73.82,75.98,78.51,80.79,82.30,84.14,87.12,134.26,243.01,133.91 
110,74.36,76.45,79.06,81.32,82.78,84.56,87.60,135.57,245.38,135.31 
111,74.90,76.95,79.59,81.87,83.28,85.06,88.14,136.80,247.60,136.62 
112,75.44,77.43,80.14,82.35,83.81,85.49,88.63,137.93,249.66,137.76 
113,75.98,77.92,80.67,82.83,84.36,85.97,89.17,139.07,251.72,138.89 
114,76.52,78.41,81.22,83.33,84.89,86.47,89.71,140.29,253.93,140.12 
115,77.06,78.89,81.75,83.81,85.44,86.95,90.25,141.43,255.99,141.26 
116,77.60,79.44,82.30,84.31,85.97,87.44,90.74,142.83,258.52,142.66 
117,78.14,79.97,82.83,84.74,86.52,87.98,91.28,143.97,260.58,143.97 
118,78.69,80.52,83.38,85.22,87.06,88.47,91.77,145.10,262.64,145.10 
119,79.22,81.05,83.93,85.72,87.55,89.01,92.31,146.33,264.86,146.24 
120,79.77,81.60,84.46,86.19,88.03,89.55,92.85,147.47,266.91,147.29 
121,80.30,82.13,85.01,86.67,88.52,90.09,93.39,148.69,269.13,148.43 
122,80.85,82.68,85.54,87.22,89.01,90.58,93.88,150.00,271.50,149.83 
123,81.38,83.23,86.09,87.70,89.43,91.06,94.42,151.14,273.56,150.96 
124,81.93,83.76,86.62,88.25,89.92,91.60,94.96,152.54,276.10,152.36 
125,82.46,84.31,87.17,88.79,90.41,92.09,95.45,153.68,278.15,153.50 
126,83.01,84.84,87.70,89.33,90.95,92.63,95.99,154.90,280.37,154.55 
127,83.54,85.39,88.25,89.81,91.44,93.11,96.53,156.04,282.43,155.86 
128,84.09,85.92,88.79,90.31,91.93,93.60,97.07,157.35,284.80,157.17 
129,84.64,86.47,89.33,90.74,92.47,94.14,97.55,158.57,287.02,158.40 
130,85.17,87.00,89.87,91.22,93.01,94.63,98.08,159.71,289.08,159.54 
131,85.72,87.55,90.41,91.71,93.55,95.12,98.63,160.94,291.29,160.67 
132,86.25,88.08,90.95,92.14,94.09,95.66,99.16,162.25,293.67,162.07 
133,86.80,88.63,91.49,92.63,94.63,96.15,99.66,163.38,295.73,163.21 
134,87.33,89.17,92.03,93.11,95.17,96.63,100.19,164.78,298.26,164.61 
135,87.88,89.71,92.57,93.60,95.71,97.12,100.74,166.10,300.63,166.01 
136,88.41,90.25,93.11,94.09,96.25,97.66,101.22,167.32,302.85,167.32 
137,88.96,90.79,93.65,94.63,96.79,98.15,101.77,168.46,304.91,168.37 
138,89.50,91.33,94.19,95.17,97.33,98.69,102.30,169.59,306.97,169.51 
139,90.04,91.87,94.74,95.66,97.88,99.23,102.85,170.82,309.18,170.73 
140,90.58,92.41,95.28,96.20,98.41,99.77,103.38,172.13,311.56,172.04 
141,91.12,92.95,95.82,96.74,98.96,100.32,103.88,173.36,313.77,173.44 
142,91.66,93.49,96.36,97.23,99.49,100.85,104.41,174.49,315.83,174.58 
143,92.20,94.04,96.90,97.71,100.04,101.40,104.96,175.63,317.89,175.63 
144,92.74,94.58,97.44,98.20,100.57,101.98,105.49,176.85,320.11,176.85 
145,93.28,95.12,97.98,98.69,101.12,102.53,105.99,177.99,322.16,177.99 
146,93.82,95.66,98.52,99.16,101.65,103.13,106.52,179.39,324.70,179.39 
147,94.36,96.20,99.06,99.66,102.20,103.66,107.07,180.53,326.76,180.62 
148,94.90,96.74,99.61,100.14,102.75,104.21,107.60,181.84,329.13,181.93 
149,95.45,97.28,100.14,100.63,103.28,104.79,108.15,183.24,331.66,183.33 
150,95.99,97.82,100.69,101.12,103.83,105.34,108.69,184.55,334.04,184.64 
