Exceed,1,2
1,4.55,5.95
2,4.64,6.06
3,4.72,6.17
4,4.79,6.29
5,4.86,6.39
6,4.94,6.48
7,5,6.57
8,5.06,6.64
9,5.11,6.7
10,5.16,6.75
11,5.21,6.8
12,5.27,6.84
13,5.32,6.88
14,5.36,6.93
15,5.4,6.97
16,5.44,7.01
17,5.48,7.05
18,5.52,7.09
19,5.57,7.13
20,5.61,7.17
21,5.65,7.21
22,5.69,7.26
23,5.73,7.3
24,5.78,7.34
25,5.82,7.38
26,5.86,7.42
27,5.91,7.46
28,5.95,7.5
29,5.99,7.54
30,6.03,7.59
31,6.08,7.63
32,6.12,7.67
33,6.16,7.71
34,6.2,7.75
35,6.26,7.79
36,6.3,7.83
37,6.34,7.87
38,6.39,7.92
39,6.43,7.96
40,6.47,8.01
41,6.52,8.07
42,6.58,8.14
43,6.64,8.23
44,6.71,8.32
45,6.78,8.42
46,6.86,8.53
47,6.95,8.65
48,7.04,8.77
49,7.14,8.91
50,7.25,9.04
51,7.35,9.17
52,7.45,9.32
53,7.57,9.46
54,7.68,9.6
55,7.79,9.73
56,7.91,9.86
57,8.01,10.01
58,8.12,10.15
59,8.24,10.3
60,8.34,10.45
61,8.45,10.6
62,8.57,10.74
63,8.67,10.9
64,8.78,11.04
65,8.89,11.18
66,9,11.34
67,9.11,11.48
68,9.21,11.64
69,9.33,11.79
70,9.44,11.95
71,14.18,16.59
72,17.28,20.3
73,20.37,23.39
74,23.46,26.48
75,24.49,28.03
76,25.27,28.8
77,25.99,29.32
78,26.66,29.83
79,27.28,30.35
80,27.85,30.87
81,28.36,31.38
82,28.88,31.85
83,29.39,32.31
84,29.91,32.72
85,30.42,33.13
86,30.89,33.5
87,31.3,33.86
88,31.66,34.22
89,32.02,34.58
90,32.38,34.94
91,32.74,35.3
92,33.1,35.66
93,33.46,36.02
94,33.82,36.38
95,34.19,36.74
96,34.55,37.1
97,34.86,37.46
98,35.17,37.83
99,35.47,38.19
100,35.78,38.55
101,36.09,38.91
102,36.4,39.27
103,36.71,39.63
104,37.02,39.99
105,37.33,40.35
106,37.64,40.71
107,37.95,41.07
108,38.26,41.43
109,38.57,41.79
110,38.88,42.16
111,39.19,42.52
112,39.5,42.88
113,39.8,43.24
114,40.11,43.6
115,40.42,43.96
116,40.73,44.32
117,41.04,44.68
118,41.35,45.04
119,41.66,45.4
120,41.97,45.76
121,42.33,46.12
122,42.69,46.49
123,43.05,46.85
124,43.41,47.21
125,43.77,47.57
126,44.13,47.93
127,44.5,48.29
128,44.86,48.65
129,45.22,49.01
130,45.58,49.37
131,45.94,49.73
132,46.3,50.09
133,46.66,50.45
134,47.02,50.82
135,47.38,51.18
136,47.74,51.54
137,48.1,51.9
138,48.47,52.26
139,48.83,52.62
140,49.19,52.98
141,49.55,53.34
142,49.91,53.7
143,50.27,54.06
144,50.63,54.42
145,50.99,54.79
146,51.35,55.15
147,51.71,55.51
148,52.07,55.87
149,52.43,56.23
150,52.8,56.59
