Exceed,71,72,74,601,602,603,604,605,606,607,608,609,610
1,36.5,37.5,37.75,42.5,43,49.25,50.25,43,42,51.5,49.5,53.5,54
2,39.5,41.75,44,51,51.75,56,57.5,51.75,50.75,59.25,57.25,68.5,69
3,42.5,46,50.5,59,59.75,64.25,65.25,60,58.5,67,65,83.5,84
4,45.5,50.5,56.75,67,68,72.5,73.5,68.25,66.5,75,72.5,98.5,99
5,48.5,55,63,75,76,80.25,81.25,76,74,82.75,79.75,113.5,113.5
6,51.25,58.25,69,81.5,82.5,87.75,88.75,83,80.5,90,87.25,127.75,128
7,54,61,74.75,86.25,87.25,95.25,96.5,88.5,85.75,96.5,94.75,141.25,142.25
8,56.75,63.75,80,91,92,102.25,104.25,92.75,90.5,103,102.25,153.5,154.5
9,59.5,66.5,84.75,95.5,96.5,108.75,112,97.25,94.75,109.5,110.25,164.75,165.75
10,62.25,69.25,89.5,99.75,100.75,114.25,119.75,101.75,99.25,115.5,117.75,175.25,177.25
11,65,71.75,94.25,104,105,119.75,127,106.25,103.5,121,124.75,186.5,188.5
12,67.75,74.25,98.75,108.5,109.5,125,134.5,110.75,107.5,126.25,131.75,197.25,199.25
13,70.5,76.5,103.25,113,114,130.25,142,115.25,111.5,131.5,138.75,208,209.25
14,73.25,79,107.5,117.5,118.5,135.25,148.75,119.75,115.75,136.25,145.25,218,219.25
15,76,81.5,111,122,123,140.25,156,124.25,120,141,151.75,228.25,229.25
16,78.75,84,114.5,126.25,127.25,145.75,162.5,128.75,124.5,145.75,158.25,238.5,239.25
17,81.25,86.25,118,130.5,131.5,150.75,168.5,133,129,150.5,164.75,248.5,249.25
18,83.75,88.5,121.5,134.75,135.75,155.75,174.5,137.25,133.5,155.25,171,258.5,259.25
19,86.25,90.75,124.75,139.25,140.25,160.25,180.5,141.5,138,159.75,177.25,269,269.25
20,88.75,93,127,143.5,144.5,164.5,186.5,145.75,143,164.25,183.5,279.5,279.5
21,90.75,95.25,128.75,147.75,148.75,168.5,192.5,150,147.5,168.75,189.25,288.5,289.75
22,92.75,97.25,130.5,151.75,152.75,172.75,197.5,154.25,151.5,173.25,194.75,297.5,300
23,94.75,99.25,132.25,155.75,156.75,176.75,202.5,158.25,155.5,177.75,200,306,310.25
24,96.75,101.25,134,160,161,180.75,207.5,162.25,159.5,182,205,314.5,318.75
25,98.75,103.5,135.75,163.75,164.75,185,212.5,166.25,164.25,186.25,210,323,327.25
26,100.75,105.75,137.5,167.25,168.25,189,217.5,169.75,167.75,190.25,215,331.5,335.75
27,102.75,108,139.25,170.75,171.75,192.75,222.5,173.25,171,194,220.25,340,344.25
28,104.75,110.25,141,174.25,175.25,196.5,227.5,176.75,174.25,197.75,225.5,347.5,352.25
29,106.75,112.5,142.75,177.75,178.75,200.25,232.5,180.25,177.5,201.5,230.75,354.5,359.75
30,108.75,114.75,144.5,181.25,182.25,204,237.5,183.75,180.75,205.75,235.5,361.5,367.25
31,110.75,117.25,146.25,184.75,185.75,207.75,242.5,187.25,184.25,209.5,240.25,368,374.25
32,112.75,119.75,148,188.25,189.25,211.5,247.5,190.75,187.75,213.25,245,374.5,381.25
33,114.5,122,149.75,191.5,192.5,215.25,252.5,194.25,191.25,217,249.75,381.25,388.5
34,116.25,124.25,151.5,194.75,195.75,219,257.5,197.75,194.75,220.75,254.25,387.75,395.5
35,118,126.5,153.25,198,199,222.75,262.5,201.25,198.25,225,258.5,394.25,402.5
36,119.75,128.75,155,201,202.25,226.5,267,204.5,201.5,228.75,262.75,400.75,409.5
37,121.5,131,156.75,204,205.5,230.25,271.25,207.75,204.75,232.5,266.75,407.25,416.5
38,123.5,133.5,158.5,207,208.75,234,275.5,211,208,236.25,270.75,413.75,423.5
39,125.5,136,160.25,210,212,237.75,279.75,214.25,211.25,240,274.75,420.25,430.5
40,127.25,138,162,213,215.25,241.5,284,217.5,214.5,244.25,278.75,426.75,437.5
41,129,140,163.75,215.75,218.25,245.25,288,220.5,217.5,248,282.75,433.25,444.5
42,130.75,142,165.5,218.5,221.25,249,292,223.5,220.5,251.75,286.75,439.75,451.5
43,132.5,144,167.25,221,224.25,252.75,296,226.5,223.5,255.5,290.75,446.25,458.5
44,134.25,146,169,223.5,227.25,256.5,300,229.5,226.5,259.25,294.75,452.75,465.5
45,136,148,170.75,226,230.25,260.25,304,232.75,230,263.5,298.75,459.25,472.5
46,137.75,150,172.5,228.25,233.25,264,308,235.75,233,267.25,302.75,465.75,479.5
47,139.5,152,174.25,230.5,236.25,267.75,312,238.75,236,270.75,306.75,472.25,486.5
48,141.25,154,176,232.75,239.25,271.5,315.75,241.75,239,274.25,310.75,478.75,493.5
49,143,156,177.75,235,242.25,275.25,319.5,244.75,242,277.75,314.75,485.25,500.5
50,144.75,158,180.5,237.25,245.25,279,323.25,248.25,245.5,282,318.75,491.75,507.5
52,148.75,162,183.25,241,250.75,282.75,330,253.75,251,289,324.75,500.25,516.5
54,152.75,165.75,186,244.75,256.25,286.5,336.75,259.25,256.5,296.25,330.75,508.75,525.5
56,156.75,169.5,188.75,248.5,261.75,290,343.5,264.75,262,302.75,336.75,517.5,534.25
58,160.75,173.25,191.5,252.25,267.25,293.5,350.25,270.25,267.5,309.25,342.75,526.25,543
60,164.75,176.5,194.25,256,272.75,297,357,275.75,273,315.75,348.75,535,551.75
62,168.5,179.75,197,259.5,278.25,300,363.75,281.25,278.5,322.25,354.75,543,558.75
64,172.25,183.25,199.75,263,283.75,303,370.5,286.75,284,328.75,360.75,551,565.75
66,176,186.75,202.5,266.5,289.25,306,377.25,292,289.5,335.25,366.75,559,571.75
68,179.75,190.25,205.25,270,294.75,309,384,297.25,295,341.25,372.75,567,576.75
70,183.5,193.75,208,273.5,300.25,312,390.75,302.75,300.5,347.25,378.75,575,581.75
72,187,197.25,210.75,276.25,305.75,314.75,397.5,308,306,351.25,385,583,586.25
74,190.5,200.75,213.5,279,311.25,317.25,404.25,313.25,311.5,355.25,391.25,591,590.5
76,194,204.25,216.25,281.25,316.75,319.5,410.75,318.5,316.25,359,397.25,597,594.5
78,197.5,207.75,219,283.5,322.25,321.75,417.25,324,321,362.5,403.25,602,598.25
80,201,211.25,221.75,285.75,327.75,324,423.75,329.25,325,366,409.25,606,602
82,204.5,214.75,224.5,288,333.25,326.25,429.75,334.5,328.5,369.25,414.75,610,605.75
84,208,218.25,227.25,290.25,338.75,328.5,435.75,339.75,332,372.5,419.75,614,609.5
86,211.5,221.75,230,292.5,344.25,330.5,441.75,345,335,375.5,424.75,618,613.25
88,215,225.25,232.75,294.75,349.75,332.5,447.75,350.25,338,378.5,428.75,622,617
90,218.5,228.75,235.5,297,355.25,334.5,453.75,355.75,341,381.5,432.75,626,620.75
92,222,232.25,238.25,299.25,360.75,336.5,459.75,361.25,344.5,384.5,437.25,630,624.5
94,225.5,235.5,241,301.5,366.25,338.5,465.75,366.75,348,387.5,441.75,634,628.25
96,229,238.75,243.75,303.5,371.75,340.5,471.75,372.25,351.5,390.5,446.25,638,632
98,232.5,242,246.5,305.5,377.25,342.5,477.75,377.75,355.5,393.5,451.25,642,635
100,236,245,255.5,307.5,382.75,344.25,483.75,383,359.5,396.25,456.5,646,638
105,246,256.5,264.5,317.5,396.75,354.25,499.25,392,369.25,407.25,471.5,662.5,662
110,256,268,273.5,327.5,410.75,364.25,514.75,401,382.75,418.25,484.5,679,685
115,266,279.5,283.5,337.5,424.75,374.25,530.25,410,396.25,429.25,501.5,695.5,707
120,276,291,294.5,347.25,438.75,384.25,545.75,419,409.75,440.25,521.5,712,730
125,286,302.5,305.5,357,452.75,394.25,561.25,428,423.25,452.25,536.5,728.5,754
130,296,314,316.5,365.5,464.75,402.25,576.75,437,434.25,464.25,551.5,745,779
135,306,325.5,327.5,373.5,476.75,410.25,592.25,446,443.25,476.25,566.5,761.5,804
140,316,337,338.5,381,488.75,417.25,607.75,455,452.25,490.25,581.5,778,829
145,326,348.5,349.5,388.5,500.75,424.25,623.25,464,461.25,504.25,596.5,794.5,854
150,336,360,360.5,396,512.75,431.25,638.75,473,470.25,518.25,611.5,811,879
151 to 199,2.18,2.36,2.4,2.55,3.42,2.88,4.26,3.15,3.14,3.42,4.08,5.41,5.86
